{
 "meta": {
  "version": "1.1.0",
  "generated": "2026-06-09T20:57:35.943579+00:00",
  "manifest_path": "data/baselines/author_space_build/control_shelf_manifest.yaml",
  "dimension_set_version": "v1",
  "n_authors": 15,
  "n_works": 78,
  "n_reference_authors": 0,
  "min_works": 3,
  "seed": 20260609,
  "n_bootstrap": 1000,
  "distance_method": "burrows_delta_mfw300",
  "distance_variant": "mfw_delta",
  "alpha": 0.5,
  "feature_blocks": {
   "d18": {
    "n_dims": 18,
    "dimension_set_version": "v1"
   },
   "mfw_delta": {
    "n_mfw": 300,
    "tokenizer": "lowercase_regex_v1",
    "frequency_unit": "per_1000_tokens"
   }
  },
  "dimension_coverage": {
   "lexical_density": 1.0,
   "abstract_ratio": 1.0,
   "formality_index": 1.0,
   "complexity_score": 1.0,
   "paragraph_cv": 1.0,
   "sentiment_score": 1.0,
   "repetition_ratio": 1.0,
   "metaphor_per_100": 1.0,
   "past_ratio": 1.0,
   "present_ratio": 1.0,
   "future_ratio": 1.0,
   "char_ngram_mean": 1.0,
   "function_word_ratio_extended": 1.0,
   "self_focus_ratio": 1.0,
   "sentence_cv": 1.0,
   "certainty_index": 1.0,
   "ttr": 1.0,
   "vocabulary_richness": 1.0
  }
 },
 "dimensions": [
  "lexical_density",
  "abstract_ratio",
  "formality_index",
  "complexity_score",
  "paragraph_cv",
  "sentiment_score",
  "repetition_ratio",
  "metaphor_per_100",
  "past_ratio",
  "present_ratio",
  "future_ratio",
  "char_ngram_mean",
  "function_word_ratio_extended",
  "self_focus_ratio",
  "sentence_cv",
  "certainty_index",
  "ttr",
  "vocabulary_richness"
 ],
 "shelf_norm": {
  "lexical_density": {
   "mean": 0.4924156044022608,
   "std": 0.02669208285964887
  },
  "abstract_ratio": {
   "mean": 0.30316902061647205,
   "std": 0.0994664694531925
  },
  "formality_index": {
   "mean": 0.07472913625925558,
   "std": 0.01878084818350715
  },
  "complexity_score": {
   "mean": 0.5523644415825649,
   "std": 0.26885087134765717
  },
  "paragraph_cv": {
   "mean": 1.1973988729907639,
   "std": 0.2904995980566344
  },
  "sentiment_score": {
   "mean": 0.022974073370510814,
   "std": 0.025317864102202887
  },
  "repetition_ratio": {
   "mean": 0.9515443547395983,
   "std": 0.018226234228128958
  },
  "metaphor_per_100": {
   "mean": 0.8938321969570526,
   "std": 0.19786126888426206
  },
  "past_ratio": {
   "mean": 0.6254007384797271,
   "std": 0.11169343104131195
  },
  "present_ratio": {
   "mean": 0.3357437636398897,
   "std": 0.10584145681990902
  },
  "future_ratio": {
   "mean": 0.03885549788038301,
   "std": 0.01277276401093249
  },
  "char_ngram_mean": {
   "mean": 0.04061339943460092,
   "std": 0.0006140118850996155
  },
  "function_word_ratio_extended": {
   "mean": 0.294447572283964,
   "std": 0.014815638614925113
  },
  "self_focus_ratio": {
   "mean": 0.2643944662339099,
   "std": 0.1377681458350962
  },
  "sentence_cv": {
   "mean": 0.826949846748727,
   "std": 0.18331507564428307
  },
  "certainty_index": {
   "mean": -0.3901382951715102,
   "std": 0.19235556646539406
  },
  "ttr": {
   "mean": 0.09755534201897806,
   "std": 0.029474055980354488
  },
  "vocabulary_richness": {
   "mean": 0.14601098727937978,
   "std": 0.04762686096669494
  }
 },
 "authors": {
  "delillo-don": {
   "centroid": [
    0.43837911262849905,
    0.7080224893621919,
    1.2150116588158306,
    -0.6218686345384076,
    0.5483143579215431,
    -0.46868971999158493,
    -0.1615167880012036,
    -1.6203458619052704,
    -0.2593035688135805,
    0.2823202100067362,
    -0.0719246855248697,
    0.2682164840920747,
    -0.32966510383801356,
    0.5196801162964867,
    0.0457998803025925,
    -0.29197607976809276,
    0.1695344258906263,
    0.16672755264587827
   ],
   "covariance": [
    [
     0.30493566770744657,
     0.03770946311029201,
     0.14553079225639245,
     -0.03964221216239007,
     0.061484270665273975,
     0.040299007745976716,
     0.07054396278734283,
     0.11934301514942643,
     -0.08232755016036568,
     0.09252627786484019,
     -0.04679249504569749,
     0.08652666470430398,
     0.045734072527695735,
     -0.06451947241582033,
     0.012950759105854415,
     0.10497058457427104,
     -0.05758513661805805,
     -0.06263310805945252
    ],
    [
     0.03770946311029201,
     0.24199031536774662,
     0.11081521134687376,
     -0.007442386219183298,
     0.01795642332056074,
     -0.024126159382505643,
     -0.010632798637288854,
     0.03143461147856326,
     -0.07132801926557555,
     0.07054122125557687,
     0.03919946983899519,
     0.05670289601815312,
     -0.012724128704937587,
     0.04219686185265796,
     0.02835676795054176,
     0.0011709908658391875,
     0.019290194262616578,
     0.016006852615483944
    ],
    [
     0.14553079225639245,
     0.11081521134687376,
     0.500123407270957,
     -0.03279714125588208,
     0.10498967250168578,
     0.032517434465641426,
     0.03654242702007242,
     0.15750384317184,
     -0.16840234235360071,
     0.1709882729750952,
     0.055726975105289255,
     0.1772298890539044,
     0.00643984138374757,
     0.058734733606397416,
     0.09763149652570469,
     0.09898509472297319,
     -0.01721964298714681,
     -0.024640791596945537
    ],
    [
     -0.03964221216239007,
     -0.007442386219183298,
     -0.03279714125588208,
     0.21149647014478473,
     -0.020050721415959705,
     -0.0030641412093082797,
     -0.0261431833518516,
     -0.04584534808302275,
     0.03417415821743635,
     -0.038550439847684144,
     0.020606795056086764,
     -0.03400969423366442,
     -0.02081330193359093,
     0.015796408323868884,
     0.01987775331312548,
     -0.04411318190988527,
     0.02188272045241802,
     0.023546886947704057
    ],
    [
     0.061484270665273975,
     0.01795642332056074,
     0.10498967250168578,
     -0.020050721415959705,
     0.3483743453404645,
     0.09155421183420721,
     0.02694447241753883,
     0.1855838904052262,
     -0.05616893213722022,
     0.06343356470064902,
     -0.03446396962216852,
     0.1467022632192984,
     -0.01357134460855655,
     0.09393259203469198,
     0.06071409049589268,
     0.13480629807304878,
     -0.029892901287841528,
     -0.0288106602777793
    ],
    [
     0.040299007745976716,
     -0.024126159382505643,
     0.032517434465641426,
     -0.0030641412093082797,
     0.09155421183420721,
     0.3194949345344731,
     0.05857813034832902,
     0.0987373157589136,
     0.030404233596347672,
     -0.02626637975466395,
     -0.04821832372475181,
     0.04476636655752994,
     0.02327168346345098,
     -0.025965720524711872,
     0.0630327949358441,
     0.10649229868595987,
     -0.06558599811784328,
     -0.06300528826633449
    ],
    [
     0.07054396278734283,
     -0.010632798637288854,
     0.03654242702007242,
     -0.0261431833518516,
     0.02694447241753883,
     0.05857813034832902,
     0.26653255343522864,
     0.06506159086850924,
     -0.004746768666855432,
     0.014155130066883374,
     -0.075787567057937,
     0.013824738624625946,
     0.056386853491738574,
     -0.11631627302291739,
     -0.00797322392952585,
     0.08401956546774521,
     -0.07104219865808843,
     -0.07305299467977601
    ],
    [
     0.11934301514942643,
     0.03143461147856326,
     0.15750384317184,
     -0.04584534808302275,
     0.1855838904052262,
     0.0987373157589136,
     0.06506159086850924,
     0.4422420115339558,
     -0.09619412780216728,
     0.11278854341177476,
     -0.09343722048146821,
     0.1824809856688388,
     0.012017489368947669,
     0.03558583334490158,
     0.04393595734101698,
     0.1883116113312966,
     -0.060212618154489174,
     -0.06216109591399581
    ],
    [
     -0.08232755016036568,
     -0.07132801926557555,
     -0.16840234235360071,
     0.03417415821743635,
     -0.05616893213722022,
     0.030404233596347672,
     -0.004746768666855432,
     -0.09619412780216728,
     0.3285694025858241,
     -0.13820262900678915,
     -0.06196009225816682,
     -0.13141088174005064,
     -0.0004951482180425668,
     -0.09802042873995269,
     -0.007194599306172803,
     -0.058737786691165576,
     -0.007677371825179585,
     -0.0029346374413847394
    ],
    [
     0.09252627786484019,
     0.07054122125557687,
     0.1709882729750952,
     -0.038550439847684144,
     0.06343356470064902,
     -0.02626637975466395,
     0.014155130066883374,
     0.11278854341177476,
     -0.13820262900678915,
     0.33286399576594394,
     0.02901951702431785,
     0.1316146402205206,
     0.004733837331386026,
     0.06809891841564372,
     0.003491268693016562,
     0.06888337150180113,
     -0.00010456245205759616,
     -0.005481709069102926
    ],
    [
     -0.04679249504569749,
     0.03919946983899519,
     0.055726975105289255,
     0.020606795056086764,
     -0.03446396962216852,
     -0.04821832372475181,
     -0.075787567057937,
     -0.09343722048146821,
     -0.06196009225816682,
     0.02901951702431785,
     0.49187176909486985,
     0.05851881372759309,
     -0.03489702274102049,
     0.29285354852968803,
     0.033983914247827804,
     -0.057160021314394696,
     0.06800243408906688,
     0.07108655555290642
    ],
    [
     0.08652666470430398,
     0.05670289601815312,
     0.1772298890539044,
     -0.03400969423366442,
     0.1467022632192984,
     0.04476636655752994,
     0.013824738624625946,
     0.1824809856688388,
     -0.13141088174005064,
     0.1316146402205206,
     0.05851881372759309,
     0.38785396192788135,
     -0.011838856094458809,
     0.17740355249265932,
     0.04777501493858433,
     0.13255279002435727,
     -0.010807350027581758,
     -0.011978731170762607
    ],
    [
     0.045734072527695735,
     -0.012724128704937587,
     0.00643984138374757,
     -0.02081330193359093,
     -0.01357134460855655,
     0.02327168346345098,
     0.056386853491738574,
     0.012017489368947669,
     -0.0004951482180425668,
     0.004733837331386026,
     -0.03489702274102049,
     -0.011838856094458809,
     0.24339492001865395,
     -0.09436279262566034,
     -0.029116569296111207,
     0.04509271338583193,
     -0.05216001291223186,
     -0.0538579928967499
    ],
    [
     -0.06451947241582033,
     0.04219686185265796,
     0.058734733606397416,
     0.015796408323868884,
     0.09393259203469198,
     -0.025965720524711872,
     -0.11631627302291739,
     0.03558583334490158,
     -0.09802042873995269,
     0.06809891841564372,
     0.29285354852968803,
     0.17740355249265932,
     -0.09436279262566034,
     0.6679474571426606,
     0.05195772785242523,
     0.0075477533987752185,
     0.09871253064804389,
     0.10560146498965467
    ],
    [
     0.012950759105854415,
     0.02835676795054176,
     0.09763149652570469,
     0.01987775331312548,
     0.06071409049589268,
     0.0630327949358441,
     -0.00797322392952585,
     0.04393595734101698,
     -0.007194599306172803,
     0.003491268693016562,
     0.033983914247827804,
     0.04777501493858433,
     -0.029116569296111207,
     0.05195772785242523,
     0.2966686274092422,
     0.015978200551670624,
     0.006132564788948463,
     0.006846418138148966
    ],
    [
     0.10497058457427104,
     0.0011709908658391875,
     0.09898509472297319,
     -0.04411318190988527,
     0.13480629807304878,
     0.10649229868595987,
     0.08401956546774521,
     0.1883116113312966,
     -0.058737786691165576,
     0.06888337150180113,
     -0.057160021314394696,
     0.13255279002435727,
     0.04509271338583193,
     0.0075477533987752185,
     0.015978200551670624,
     0.3704077992382113,
     -0.08318457174032054,
     -0.08363236466333862
    ],
    [
     -0.05758513661805805,
     0.019290194262616578,
     -0.01721964298714681,
     0.02188272045241802,
     -0.029892901287841528,
     -0.06558599811784328,
     -0.07104219865808843,
     -0.060212618154489174,
     -0.007677371825179585,
     -0.00010456245205759616,
     0.06800243408906688,
     -0.010807350027581758,
     -0.05216001291223186,
     0.09871253064804389,
     0.006132564788948463,
     -0.08318457174032054,
     0.2597356680125945,
     0.07002003167920515
    ],
    [
     -0.06263310805945252,
     0.016006852615483944,
     -0.024640791596945537,
     0.023546886947704057,
     -0.0288106602777793,
     -0.06300528826633449,
     -0.07305299467977601,
     -0.06216109591399581,
     -0.0029346374413847394,
     -0.005481709069102926,
     0.07108655555290642,
     -0.011978731170762607,
     -0.0538579928967499,
     0.10560146498965467,
     0.006846418138148966,
     -0.08363236466333862,
     0.07002003167920515,
     0.26181083321639775
    ]
   ],
   "covariance_kind": "ledoit_wolf",
   "work_count": 6,
   "works": [
    {
     "title": "Americana",
     "path": "data/baselines/author_space_build/work_baselines/delillo-don/americana-don-delillo-1971-6aac29fe_baseline.json",
     "vector": [
      0.032847520846939225,
      0.28277693034582296,
      0.5279537050821741,
      -0.5016796252901958,
      1.2599229142327548,
      0.24759586773566555,
      -0.24509361756828338,
      -1.163510833856655,
      0.2227971293744478,
      -0.23729068897882064,
      0.018024008361402947,
      0.5838293943507676,
      -0.5375693107345312,
      1.5435542003257894,
      0.2910934438725126,
      0.20282594563184217,
      0.08601298070517334,
      0.14702386316950503
     ],
     "raw": {
      "lexical_density": 0.49329237315044133,
      "abstract_ratio": 0.3312958435207824,
      "formality_index": 0.084644554642324,
      "complexity_score": 0.4174874371859296,
      "paragraph_cv": 1.5634059731577226,
      "sentiment_score": 0.029242671902109395,
      "repetition_ratio": 0.9470772210579793,
      "metaphor_per_100": 0.663618467009589,
      "past_ratio": 0.6502857142857142,
      "present_ratio": 0.3106285714285714,
      "future_ratio": 0.039085714285714286,
      "char_ngram_mean": 0.0409718776216028,
      "function_word_ratio_extended": 0.2864831396456468,
      "self_focus_ratio": 0.47704706640876854,
      "sentence_cv": 0.8803116634317715,
      "certainty_index": -0.351123595505618,
      "ttr": 0.10009049342731949,
      "vocabulary_richness": 0.15301327236934018
     },
     "word_count": 125415,
     "form": "novel",
     "translator": null,
     "coverage": 1.0,
     "imputed_dims": [],
     "text_path": "data/raw/author-data/text/delillo-don/americana-don-delillo-1971-6aac29fe.txt",
     "body_start": 398,
     "body_end": 689591,
     "mfw_z": [
      -0.365620628409074,
      0.3896924092559686,
      0.3825641144066288,
      0.09978723349548975,
      0.7060061263124447,
      0.1328892012664891,
      1.3718566047174656,
      -0.7320057054459381,
      0.1689359052579275,
      0.47012934829650094,
      -0.5453542299331808,
      0.05776938543154578,
      -0.7391112338495449,
      -0.6550697718024444,
      0.4447807828308616,
      -0.13350491434918416,
      -0.664814488464787,
      -0.7787709162551714,
      -0.530320918041895,
      -0.23335434486691053,
      -0.6920676485967978,
      -0.03209434044993297,
      -0.9906709483473047,
      -0.9522527893738029,
      -0.697256158066528,
      0.11936787119865468,
      -0.6900707925815026,
      0.3693669704139577,
      -1.049108186326634,
      -0.010545432061733978,
      1.07901779240121,
      0.30039862611448404,
      0.4703186864174135,
      -0.7649801739203038,
      0.03806687661563487,
      0.30898351449061867,
      -0.6094487542714841,
      -0.14692823868898855,
      1.6396339618839988,
      -0.06221122487875799,
      0.7451125220040999,
      1.7184747878630011,
      -0.6660775216365039,
      0.8828268988294217,
      0.06456370785811787,
      -0.9556673493855526,
      -0.752271657044864,
      -0.25017984010987093,
      -0.3431089324731424,
      0.5452213082173036,
      -0.7378852252906709,
      -0.5713577162865177,
      -0.9204276998741538,
      0.8143478047429543,
      1.0123726946980223,
      -0.35119217659398355,
      -0.9324457474237703,
      -0.4009941355545896,
      -0.5199255030148122,
      -0.14932245448803003,
      0.21170090598258265,
      -0.06334534390757204,
      -0.3383047969850981,
      -0.20575013796417688,
      -0.6769779255506178,
      0.0030247886480464638,
      1.2090077778062631,
      -0.7347831840953869,
      -0.1273470876938349,
      0.6411735195838342,
      0.4306612808129738,
      0.33769551150908705,
      -0.40726719486443136,
      -0.7236184933086984,
      -0.2958668413329247,
      0.23822308683925242,
      -0.2268913434213129,
      -0.0007182664559908433,
      0.4030972511917379,
      -0.00869918785595046,
      -0.8945896494219104,
      -0.6814998024188447,
      -1.0731400391547137,
      0.6214941880642034,
      -0.19375017648950477,
      -0.5956712158220068,
      0.5860134668902695,
      -1.1128455045574184,
      -0.4437195915335628,
      0.37202512833284995,
      0.327966743383075,
      0.00914899980698289,
      0.3406212028208631,
      -0.2905367288288997,
      -0.9617638201143138,
      0.40058234082813393,
      -0.4319882419705835,
      0.14172047882120253,
      0.7264401886658144,
      -0.20406764800450006,
      -0.3500131418442453,
      0.5799842413535533,
      -0.3916696125067652,
      0.2983472133134799,
      -0.8758384549941899,
      0.1008039851839936,
      -0.4763749195636731,
      -0.5143343532576738,
      -0.46726582049811727,
      -1.1856861643939185,
      -0.37662092668806,
      -0.0870603289454394,
      -0.5372903058646178,
      1.290607668277,
      -0.0665160400167709,
      -0.2191259751138432,
      0.7796407511068205,
      0.7832232317628396,
      0.611906822517486,
      -0.5251565504432877,
      -0.33626625967952656,
      -1.0284575095850208,
      -1.2218420524149591,
      0.05257101643208563,
      0.6057755311112305,
      -0.631259691930984,
      0.44590818142175537,
      -0.12195910259181647,
      0.6111635254755741,
      -0.655187839144778,
      -0.1902914079297807,
      0.3413770979556518,
      -0.4988519385802177,
      -0.2750880586587877,
      -0.24265868096669704,
      1.133003633110744,
      0.6920648510380043,
      0.5877216542356971,
      -0.7964014410102195,
      -1.5163949607339435,
      0.1953819728934164,
      -0.29972258753702397,
      -0.2708055706611923,
      0.03928149609605968,
      -0.035348694318355835,
      -0.1725566759529554,
      0.04992760253165639,
      -0.042553659683390845,
      1.3985554174521093,
      1.0307186999289946,
      0.3864870026144656,
      0.34561220948975085,
      -0.4132143814550159,
      0.1662488895356204,
      -0.043711994694553384,
      -0.1442708716450842,
      -0.7474587762323252,
      0.15633481644519012,
      -0.14976838607284912,
      -0.7593522654042169,
      0.37113545271073634,
      -0.29255874654105507,
      0.11108386453362257,
      -0.10348441202642657,
      0.24624557870670474,
      0.9081346331685716,
      -0.11340887761443143,
      0.5879835787949788,
      0.2501535677902145,
      -0.9573329745868624,
      -0.994624444861707,
      -0.26275905101363606,
      0.1930099274048396,
      0.6943460467611198,
      -1.1988206316442824,
      1.4123972723225793,
      -0.7153728315252864,
      0.28972799899369633,
      0.1896904246592418,
      -0.11194197435125647,
      0.2819333676298344,
      1.323148379246897,
      -0.1297405076712568,
      0.8289817985739206,
      1.2176907281205231,
      -0.4156719391269121,
      -0.3948389274550146,
      -0.4918307881392834,
      0.7101170142923802,
      -0.12807947106025913,
      -0.9994084319517844,
      -0.17503161566412992,
      -0.4759892277178534,
      -0.3127777528323902,
      0.5393391975461483,
      1.4538358754721483,
      -0.5517067515652875,
      -0.5922403537814933,
      -0.39300193524456467,
      0.36787925156336815,
      0.004296021434649898,
      0.9605680021061758,
      -0.3110246479141497,
      0.09654753927713434,
      0.011065590666901992,
      -0.5210641126038438,
      -0.7112225243782603,
      0.3200082127494706,
      0.19633142628238137,
      0.5165523629926029,
      -0.101941652359514,
      0.37289949270423073,
      -0.09907676265493134,
      -0.381651395051563,
      -0.39577327159970804,
      -0.23601915588374683,
      -0.07430347037794514,
      -0.19559598660908137,
      -1.255808340036815,
      0.09815964582421523,
      0.06875776768931367,
      -0.07669408907949642,
      -0.23657235723422845,
      0.7471266607057818,
      -0.005869619756778188,
      -0.5684605439260269,
      -1.1449228351144018,
      -0.2905742147939141,
      0.39609816755859223,
      0.47539911669352697,
      -0.09944209789623412,
      0.08992016196653849,
      0.3584094242040217,
      0.2536942910999075,
      -0.49536666887305775,
      -0.3577189727080747,
      -0.5269815984714853,
      -0.3945354910005206,
      -0.6213626084473968,
      0.4980525342799924,
      0.4599552359200487,
      1.1381218941997275,
      0.6383403990350507,
      -0.47303492872515795,
      -0.2902768094399198,
      1.092842536545021,
      -0.4386331591067397,
      -0.37446006157801237,
      0.2562748047803415,
      0.2659693750599303,
      0.18188792614393476,
      -1.0415994437498295,
      0.10698544474004416,
      0.04051201848758672,
      -0.8669332667488825,
      0.21596274744286004,
      0.8496749977402632,
      1.323041187226926,
      0.5650897446293325,
      -0.313702409387578,
      -0.7960752557882724,
      0.7818514980688139,
      -0.49435688405064176,
      0.39360185188875113,
      0.2881453754966309,
      -0.8630742463600861,
      0.06828202897280403,
      1.152729099198159,
      -0.48315162628094455,
      -0.7160975757223048,
      -0.6662234002530746,
      0.2648120675909819,
      0.5556147574201546,
      -0.24219125558099192,
      -0.3079406224335626,
      0.2078972642836448,
      0.4587292282577726,
      0.06632749078056528,
      -0.5729470065681826,
      0.3944263375433271,
      0.698424223431222,
      -0.5741005825323238,
      -0.2402034134969134,
      -0.12041798154240863,
      -1.062925547410758,
      -0.2177674537481837,
      0.233467681715693,
      0.04622343576782044,
      2.4593856319232072,
      -0.13585002437813448,
      0.17548235524533246,
      -0.272609243394414,
      -0.2762482151156058,
      -0.11448463386905555,
      -0.3409983459888433,
      -0.19773436005561248,
      1.421649224220803,
      0.2537834761682064,
      0.22415831793809537,
      -0.3900197353546293
     ]
    },
    {
     "title": "Falling Man",
     "path": "data/baselines/author_space_build/work_baselines/delillo-don/falling-man-don-delillo-unknown-e1329a89_baseline.json",
     "vector": [
      -0.07988805942444284,
      0.42854011146893384,
      0.2033283096884496,
      -0.38396281445484315,
      -0.11694707168897972,
      -0.7468668121279034,
      -0.3134873342362084,
      -2.4144119315586625,
      0.587048180973422,
      -0.4801505675503454,
      -1.1547688459931775,
      -0.9386553968870444,
      -0.4524130746233472,
      -0.9582656884971074,
      -0.10938465544003648,
      -1.151576709402035,
      0.3284130701587039,
      0.3232075027292488
     ],
     "raw": {
      "lexical_density": 0.490283225700607,
      "abstract_ratio": 0.34579439252336447,
      "formality_index": 0.07854781437492347,
      "complexity_score": 0.44913570435128153,
      "paragraph_cv": 1.1634257956712148,
      "sentiment_score": 0.004065000918611061,
      "repetition_ratio": 0.9458306611582574,
      "metaphor_per_100": 0.4161135885695536,
      "past_ratio": 0.6909701639992096,
      "present_ratio": 0.28492392807745504,
      "future_ratio": 0.02410590792333531,
      "char_ngram_mean": 0.04003705386489938,
      "function_word_ratio_extended": 0.28774478366567735,
      "self_focus_ratio": 0.13237597911227153,
      "sentence_cv": 0.8068979903624128,
      "certainty_index": -0.6116504854368932,
      "ttr": 0.10723500723351578,
      "vocabulary_richness": 0.1614043460752584
     },
     "word_count": 66807,
     "form": "novel",
     "translator": null,
     "coverage": 1.0,
     "imputed_dims": [],
     "text_path": "data/raw/author-data/text/delillo-don/falling-man-don-delillo-unknown-e1329a89.txt",
     "body_start": 426,
     "body_end": 373426,
     "mfw_z": [
      0.5477756606040899,
      0.5616069675908517,
      -0.024559274572953173,
      0.2567179978581184,
      0.02232670102813563,
      1.2622475344302146,
      -0.7983039457709273,
      1.1200334061128392,
      0.30482347111960906,
      1.4007053425997922,
      -0.35783399449105074,
      -0.6456122181760781,
      -0.19913090143045667,
      1.3415057926153613,
      -0.06788172821959478,
      -1.2877015215733394,
      0.030609855643216523,
      -1.529005488159037,
      -1.2409103435674642,
      -1.584723844838176,
      -0.42740008792236284,
      -0.01429279738503102,
      0.8291685625305594,
      -1.9497450731364732,
      0.28600066033252913,
      0.5025351529940875,
      0.9721672511454109,
      0.28516323244305286,
      -0.5786541245433614,
      2.8450916983301693,
      -0.48210398446410513,
      -0.6410015652256136,
      2.2252928201115876,
      0.381413440778832,
      0.7279202935989871,
      -0.5745941415454965,
      -1.4117969692830012,
      -1.5200382069356486,
      -0.9642892967162806,
      0.697364353323036,
      -1.050185964212219,
      -0.38533681381192486,
      -1.205318637777565,
      1.0122391486847946,
      2.2575827111709454,
      -0.6950477543088199,
      -1.0275317025173827,
      -0.7435800467412633,
      -0.3343996542937389,
      0.48558427550979544,
      -0.31422442435457615,
      -1.506495606539558,
      0.0753670229584038,
      0.784962268768269,
      0.4709884103952184,
      0.17162267869028797,
      -1.0440335403698475,
      -1.0691076540482118,
      -0.4758374652944357,
      -1.6856461699976406,
      0.8574228641079017,
      -0.5537481492658181,
      -0.31466745575750116,
      -0.15504126932205672,
      0.8114094708378189,
      -0.4127019898266143,
      -0.5798615947284222,
      0.7923710416529807,
      0.5277907351669102,
      -0.9195108189870401,
      -0.912115050002871,
      -0.4770116144433018,
      0.951225925629326,
      0.6312197586285996,
      -0.4942491847346809,
      -1.2736445061171076,
      0.6625141238073294,
      -0.769251785797425,
      1.4015768482672848,
      -0.09997274546628797,
      -0.40446802090651157,
      -0.2404169624869398,
      -0.6155752360991755,
      -0.928159147806121,
      1.0041793144236595,
      -0.7699540309072423,
      -0.2594644512565378,
      -0.18080379439089578,
      2.4506166057599605,
      -1.2855480181084438,
      0.38741726414864425,
      -0.6180693712633902,
      2.62129265726905,
      -0.33118078376298365,
      -0.7526537552475225,
      -0.21495729411836378,
      -0.005500148419833263,
      -0.974926876289322,
      -0.23031578871001931,
      -0.38501661739253906,
      -0.734717629121504,
      2.0648438089657617,
      -0.767045095922203,
      0.6996317843255081,
      -1.245587897406192,
      -0.6082732244217101,
      -0.1069492439392441,
      -0.880950729697737,
      -1.0638478055546148,
      -0.08206143529636059,
      0.46356746076905614,
      0.4122669153109739,
      -0.08271830166811593,
      0.33669887312796415,
      -0.5923654098126386,
      -1.8501960752227746,
      -0.9618532684092395,
      -0.4865252307307414,
      0.4836505652700771,
      -1.3867603680579113,
      2.261799148556132,
      0.9791527376057341,
      -0.30290664773915804,
      0.15942034121684728,
      1.0712723337627998,
      0.08647864141239786,
      -0.8358024446232567,
      -1.6157082595525238,
      -0.6595250255549812,
      -0.13534908842876117,
      0.6331719621387575,
      -0.671748960884703,
      0.4423657723062758,
      -0.3618754874003774,
      0.47380458962874156,
      -0.1219848913679585,
      -0.08890628705499565,
      1.8608381219686703,
      1.0340145314696443,
      -1.749124923559225,
      0.9059435556212435,
      0.005612899995533219,
      0.8775147225900991,
      1.119191461722907,
      -0.33604991128104866,
      2.2167378968764826,
      2.467389344238569,
      -0.2893489654209088,
      0.9571384495946691,
      -0.499256116745457,
      -0.47322086625573967,
      -0.9049197522944826,
      -1.1186256552320486,
      -1.1026111533435325,
      -0.898297128953805,
      -0.3485059460101552,
      -0.6670644573531279,
      0.045914479689417545,
      0.07798783694745204,
      -0.3027368504229463,
      0.7667549428080193,
      -1.0251523323302,
      -1.2984002023454002,
      0.4651583923577583,
      0.41535310851831364,
      -0.7468392280544934,
      1.4736171216496778,
      0.25449030361251246,
      -0.1721991433169964,
      1.3302981536119847,
      -1.2061863831980544,
      2.06377441523564,
      0.01187442627019669,
      0.2871854830691842,
      2.071596385229818,
      -0.4083706186120885,
      0.04070121347184778,
      -0.16978310398199611,
      1.5079237206161056,
      -0.3272369150133355,
      -0.8245031525226848,
      0.7446338024815596,
      0.49081346008859295,
      0.15098539275322187,
      1.0138517988952322,
      -0.5603830277525349,
      -0.748751148267452,
      -0.26829921106518984,
      0.49926791871562504,
      -1.1923906360975558,
      -0.9850721351139669,
      1.6885697020059052,
      0.036260656836203414,
      -0.19216110087108296,
      0.7525033736618263,
      0.8095934359368524,
      0.35430127725590094,
      -0.04718341262684847,
      -0.4096260943046104,
      1.2686990532281401,
      -0.5882837746569812,
      -0.9292345125416798,
      -1.256803851782205,
      -1.075181313139205,
      -0.00309377484558451,
      -0.0486087639929252,
      -0.46682162465949895,
      0.5944615027045295,
      -0.9197214042857298,
      0.22974323905691943,
      1.6908220775590528,
      0.17453538398106352,
      -1.0263149414645398,
      1.0313790786822745,
      0.10276308014744594,
      -0.6708710929253694,
      1.2022364009024824,
      0.32150835931661326,
      -0.694142856683063,
      0.36423394994979513,
      3.342422885307582,
      -0.8663381213007998,
      0.3105386585751398,
      0.9385427433947464,
      -0.7015110878307795,
      -1.2771382455784792,
      -1.1142669703827597,
      -1.2385812726781849,
      1.1222268065740553,
      -0.5710163699369698,
      0.8777919949396175,
      1.3665347423066114,
      0.14754994327351326,
      2.744813866850683,
      -0.3239003506313845,
      -0.5945294070879716,
      -0.09873304789767057,
      -0.36968303530031627,
      0.027323551805239227,
      -0.8632575231922242,
      -0.6195510187045047,
      -0.5823194266872634,
      -1.1137543311826166,
      1.1810636727094843,
      -0.5347418561958466,
      0.6801958668967368,
      1.4460865238330312,
      1.4701461980522834,
      -0.912445730594261,
      -0.6700141544037613,
      -0.995431211241561,
      -0.3253473629542931,
      0.2880703505206037,
      -1.2066066870796335,
      1.4228000791853384,
      1.1547397888203408,
      -0.8062875282853524,
      -0.7078595415963028,
      -1.1820488213871412,
      0.591714930976564,
      1.880811231956787,
      0.019220039765736583,
      1.5306965919189741,
      0.39062293950229326,
      0.6404770729906046,
      -0.10892376679103428,
      0.1397620247634929,
      1.5581133609114008,
      0.7146002429324187,
      -0.7574211896860126,
      1.4555226879704641,
      -1.2298503716337819,
      1.6530875116068233,
      -1.351884894795376,
      -0.34952888799698056,
      1.6590745412356032,
      1.0480203003796507,
      0.9234745287025377,
      0.297953043190926,
      -0.39179329323885126,
      -0.6955398321618197,
      0.11304647215471704,
      -0.19060362932977384,
      -0.6668079404459554,
      -1.212927764469226,
      1.7928416219505967,
      0.1063170931486905,
      1.4494819115689577,
      -0.8257143639107838,
      -0.5475840199152149,
      3.0166199042074,
      1.1493283213989527,
      -0.2762482151156058,
      -0.11448463386905555,
      -0.416956349360194,
      -0.6901437162670512,
      0.7005182759050498,
      -0.1840574911199305,
      -0.9222817238887864,
      -0.8011459236035375
     ]
    },
    {
     "title": "Libra",
     "path": "data/baselines/author_space_build/work_baselines/delillo-don/libra-don-delillo-1988-02e02a3b_baseline.json",
     "vector": [
      0.8929750964192439,
      0.4360248308948703,
      0.9676956380309604,
      -0.903824673756447,
      0.19729439049558645,
      -0.30130032827935954,
      0.5240036635302668,
      -1.6899889726565789,
      -0.2075660645676694,
      0.25736667069797003,
      -0.3175739754359659,
      0.008234964899160263,
      0.40174629630013037,
      -0.5253657886685004,
      -0.5695232174577564,
      0.21906459971924533,
      -0.48278656936327535,
      -0.4993042034936154
     ],
     "raw": {
      "lexical_density": 0.5162509696674862,
      "abstract_ratio": 0.3465388711395101,
      "formality_index": 0.09290328112495713,
      "complexity_score": 0.30937039049763215,
      "paragraph_cv": 1.2547128141285604,
      "sentiment_score": 0.015345792605184871,
      "repetition_ratio": 0.9610949682474986,
      "metaphor_per_100": 0.5594488344268115,
      "past_ratio": 0.6022169725604216,
      "present_ratio": 0.36298382700345266,
      "future_ratio": 0.03479920043612575,
      "char_ngram_mean": 0.04061845580092238,
      "function_word_ratio_extended": 0.30039970022483137,
      "self_focus_ratio": 0.1920157956438576,
      "sentence_cv": 0.7225476550592829,
      "certainty_index": -0.348,
      "ttr": 0.08332566364700159,
      "vocabulary_richness": 0.122230695399503
     },
     "word_count": 151385,
     "form": "novel",
     "translator": null,
     "coverage": 1.0,
     "imputed_dims": [],
     "text_path": "data/raw/author-data/text/delillo-don/libra-don-delillo-1988-02e02a3b.txt",
     "body_start": 1343,
     "body_end": 847931,
     "mfw_z": [
      0.49968603619652097,
      -0.8635348064303222,
      0.5793622927985299,
      2.286641666865032,
      -0.0057538981132133,
      1.6446951554917335,
      -0.6006791741717745,
      1.4396656999697917,
      -0.4612185453270929,
      0.3432937874838991,
      -1.1886300851262355,
      -0.4271064881257047,
      0.5394284888537906,
      -0.7250574022378353,
      0.0684945669917221,
      0.3765589466066636,
      -0.948604243904232,
      -0.0677530424668665,
      -0.9289582510602866,
      -0.2928700193049229,
      -0.7440192668233325,
      1.133724970029358,
      1.3847239779804699,
      -1.6738380665556387,
      -1.3917749883718882,
      0.13427544987367346,
      -0.7727445766977046,
      -0.47439960203397574,
      -0.5808667242881966,
      0.8336574664618368,
      -0.8895548895786832,
      -0.7563870145742895,
      0.5176325023071062,
      0.877253373014066,
      -0.1963031992469104,
      0.3804532703719036,
      -0.8203367581009671,
      -0.7383317156675274,
      -0.5629439573873424,
      -0.8051911107717108,
      -0.8210167460998391,
      0.0025842100742947353,
      -0.3032622676514776,
      0.05439081391608364,
      -0.5184818831361308,
      -1.2801683278335765,
      -1.1363449200677067,
      -0.8490824471865721,
      -0.5376638866110506,
      0.2628873324643879,
      -1.1404870843013946,
      -1.1927464251514226,
      -0.5825133316809796,
      -0.6777514051331062,
      1.3907239555626512,
      -0.5615786402984874,
      -0.5120196355797735,
      -0.5650774397730123,
      -0.6470599125111411,
      -1.5071008201170817,
      -0.015735908415142223,
      0.41994606673797313,
      -0.26879178675181115,
      0.6291297493949983,
      -0.27198924240190464,
      -0.06702797123824442,
      -0.10707555342561094,
      -0.7697917950967829,
      0.23155734714460496,
      -0.559147132346435,
      -0.6509393091560141,
      -0.09500507269294253,
      0.29408865389209504,
      0.3404617473287624,
      -1.59973794260135e-05,
      -1.3840583439036727,
      -0.7461170871958138,
      -0.4271636902302905,
      0.7120954213990126,
      -0.23842416416376191,
      -0.7538182306623372,
      0.44266672268007007,
      -1.4689661034647927,
      0.14778236407349,
      -0.3703267799382996,
      0.23544502665426886,
      0.6272259811964084,
      -1.0667899961978555,
      0.2232261450786769,
      0.06532076387987153,
      0.02643459678710877,
      -0.49881811543065174,
      0.20607831805259358,
      0.6516555112558943,
      -1.123699487078241,
      -0.09620341687061561,
      -0.1443704299375194,
      -0.400421370136244,
      0.2656574206291938,
      0.508993559101816,
      -1.0642917395581133,
      1.1336824510548884,
      -1.354721093676668,
      -0.04619429978927462,
      -0.8575268352047293,
      -0.08052106847634401,
      -0.15236261196850545,
      0.10377605424268053,
      -1.1553331180808817,
      -1.2808195010500463,
      -0.23261658832238616,
      -1.1650565141740152,
      -0.8342215419980041,
      0.5900819725525048,
      -0.7378211106897418,
      -1.3865784209046441,
      -0.9479842523016955,
      -0.28623777604312367,
      0.44820915853418974,
      -1.2534732544597145,
      0.08939433242073191,
      0.2883833600584646,
      -0.9885020636767959,
      -0.2141267596609845,
      1.4683733570767747,
      0.6346425845167005,
      -0.6043981078547315,
      -1.1299516148535853,
      -0.3147643219072793,
      -0.8665988551480943,
      0.44666891602253367,
      -1.1604899342762287,
      -0.2768036254648579,
      0.017911397559563117,
      -0.15904593080014823,
      -0.04015377694789295,
      0.9178875221313328,
      0.9628312656308913,
      -0.31707263171605576,
      -2.011437153108919,
      0.7083985738941648,
      -0.6976440518391435,
      -0.6421365050548681,
      0.39108413478395526,
      -0.943663555681225,
      0.7986703256054071,
      0.11461896677153956,
      0.10055814870588799,
      0.6375647105077941,
      -0.9287075314521648,
      0.44433825921451764,
      0.23463595267882623,
      -0.2625051127111752,
      0.0738523625971659,
      0.05233660976015926,
      0.589868740601049,
      -0.7648125765337147,
      -0.6483520590726366,
      0.6785072368170668,
      -0.004710621418582467,
      1.0337430209018041,
      -0.06392309966201444,
      0.4663702058811645,
      -0.22015223423380675,
      -0.12934963065872424,
      1.1786853493553608,
      0.49221570875003,
      -0.8247435152778321,
      0.4203720942448151,
      -0.037584054062160956,
      -1.3014368095366409,
      0.323311482689182,
      0.016874755848777626,
      -0.8200503005120687,
      0.41903865148008146,
      -0.22916887268186334,
      0.147124876718022,
      0.5058019607029774,
      -0.4689980346613738,
      -1.202982570810207,
      -0.6603436866257343,
      1.1579331324618964,
      0.1336559378678299,
      -0.047023703242000364,
      1.0328493281023339,
      -0.37070729326099755,
      -0.25096294142342085,
      -0.32370940420733696,
      0.05668189785145041,
      -1.5106162357940522,
      -0.7268615595310052,
      -0.4463915741215234,
      -0.5737429961120118,
      -0.19709587552612043,
      2.4698543857805233,
      -0.47849824793717666,
      0.04725958076362806,
      1.1470989823372333,
      -0.725708648231468,
      -0.15481498371492397,
      -1.1865520398252487,
      -1.0748704126057285,
      -1.0382653626441802,
      -1.139220178250942,
      0.1157639991652607,
      -0.4700234328259619,
      -0.7405596657549663,
      1.0945507381659472,
      -0.5955005029189756,
      -0.0969674995022778,
      0.28243306234476767,
      0.0737793554243132,
      -0.7578668066517336,
      -0.014710517852955013,
      -0.16257759097047325,
      0.5205061201982379,
      0.46966799943035176,
      0.6516545023651072,
      0.10837287237260113,
      -0.2612048484169178,
      2.0196548686721263,
      0.3305785548454509,
      0.1588292614710764,
