{
 "meta": {
  "version": "1.1.0",
  "generated": "2026-06-10T00:04:43.295019+00:00",
  "manifest_path": "data/baselines/author_space_build/control_shelf_manifest.yaml",
  "dimension_set_version": "v1",
  "n_authors": 15,
  "n_works": 78,
  "n_reference_authors": 1,
  "min_works": 3,
  "seed": 20260609,
  "n_bootstrap": 1000,
  "distance_method": "burrows_delta_mfw300_fwonly",
  "distance_variant": "mfw_delta",
  "alpha": 0.5,
  "feature_blocks": {
   "d18": {
    "n_dims": 18,
    "dimension_set_version": "v1"
   },
   "mfw_delta": {
    "n_mfw": 300,
    "tokenizer": "lowercase_regex_v1",
    "vocab_filter": "function_words_only",
    "frequency_unit": "per_1000_tokens"
   }
  },
  "dimension_coverage": {
   "lexical_density": 1.0,
   "abstract_ratio": 1.0,
   "formality_index": 1.0,
   "complexity_score": 1.0,
   "paragraph_cv": 1.0,
   "sentiment_score": 1.0,
   "repetition_ratio": 1.0,
   "metaphor_per_100": 1.0,
   "past_ratio": 1.0,
   "present_ratio": 1.0,
   "future_ratio": 1.0,
   "char_ngram_mean": 1.0,
   "function_word_ratio_extended": 1.0,
   "self_focus_ratio": 1.0,
   "sentence_cv": 1.0,
   "certainty_index": 1.0,
   "ttr": 1.0,
   "vocabulary_richness": 1.0
  }
 },
 "dimensions": [
  "lexical_density",
  "abstract_ratio",
  "formality_index",
  "complexity_score",
  "paragraph_cv",
  "sentiment_score",
  "repetition_ratio",
  "metaphor_per_100",
  "past_ratio",
  "present_ratio",
  "future_ratio",
  "char_ngram_mean",
  "function_word_ratio_extended",
  "self_focus_ratio",
  "sentence_cv",
  "certainty_index",
  "ttr",
  "vocabulary_richness"
 ],
 "shelf_norm": {
  "lexical_density": {
   "mean": 0.4924156044022608,
   "std": 0.02669208285964887
  },
  "abstract_ratio": {
   "mean": 0.30316902061647205,
   "std": 0.0994664694531925
  },
  "formality_index": {
   "mean": 0.07472913625925558,
   "std": 0.01878084818350715
  },
  "complexity_score": {
   "mean": 0.5523644415825649,
   "std": 0.26885087134765717
  },
  "paragraph_cv": {
   "mean": 1.1973988729907639,
   "std": 0.2904995980566344
  },
  "sentiment_score": {
   "mean": 0.022974073370510814,
   "std": 0.025317864102202887
  },
  "repetition_ratio": {
   "mean": 0.9515443547395983,
   "std": 0.018226234228128958
  },
  "metaphor_per_100": {
   "mean": 0.8938321969570526,
   "std": 0.19786126888426206
  },
  "past_ratio": {
   "mean": 0.6254007384797271,
   "std": 0.11169343104131195
  },
  "present_ratio": {
   "mean": 0.3357437636398897,
   "std": 0.10584145681990902
  },
  "future_ratio": {
   "mean": 0.03885549788038301,
   "std": 0.01277276401093249
  },
  "char_ngram_mean": {
   "mean": 0.04061339943460092,
   "std": 0.0006140118850996155
  },
  "function_word_ratio_extended": {
   "mean": 0.294447572283964,
   "std": 0.014815638614925113
  },
  "self_focus_ratio": {
   "mean": 0.2643944662339099,
   "std": 0.1377681458350962
  },
  "sentence_cv": {
   "mean": 0.826949846748727,
   "std": 0.18331507564428307
  },
  "certainty_index": {
   "mean": -0.3901382951715102,
   "std": 0.19235556646539406
  },
  "ttr": {
   "mean": 0.09755534201897806,
   "std": 0.029474055980354488
  },
  "vocabulary_richness": {
   "mean": 0.14601098727937978,
   "std": 0.04762686096669494
  }
 },
 "authors": {
  "delillo-don": {
   "centroid": [
    0.43837911262849905,
    0.7080224893621919,
    1.2150116588158306,
    -0.6218686345384076,
    0.5483143579215431,
    -0.46868971999158493,
    -0.1615167880012036,
    -1.6203458619052704,
    -0.2593035688135805,
    0.2823202100067362,
    -0.0719246855248697,
    0.2682164840920747,
    -0.32966510383801356,
    0.5196801162964867,
    0.0457998803025925,
    -0.29197607976809276,
    0.1695344258906263,
    0.16672755264587827
   ],
   "covariance": [
    [
     0.30493566770744657,
     0.03770946311029201,
     0.14553079225639245,
     -0.03964221216239007,
     0.061484270665273975,
     0.040299007745976716,
     0.07054396278734283,
     0.11934301514942643,
     -0.08232755016036568,
     0.09252627786484019,
     -0.04679249504569749,
     0.08652666470430398,
     0.045734072527695735,
     -0.06451947241582033,
     0.012950759105854415,
     0.10497058457427104,
     -0.05758513661805805,
     -0.06263310805945252
    ],
    [
     0.03770946311029201,
     0.24199031536774662,
     0.11081521134687376,
     -0.007442386219183298,
     0.01795642332056074,
     -0.024126159382505643,
     -0.010632798637288854,
     0.03143461147856326,
     -0.07132801926557555,
     0.07054122125557687,
     0.03919946983899519,
     0.05670289601815312,
     -0.012724128704937587,
     0.04219686185265796,
     0.02835676795054176,
     0.0011709908658391875,
     0.019290194262616578,
     0.016006852615483944
    ],
    [
     0.14553079225639245,
     0.11081521134687376,
     0.500123407270957,
     -0.03279714125588208,
     0.10498967250168578,
     0.032517434465641426,
     0.03654242702007242,
     0.15750384317184,
     -0.16840234235360071,
     0.1709882729750952,
     0.055726975105289255,
     0.1772298890539044,
     0.00643984138374757,
     0.058734733606397416,
     0.09763149652570469,
     0.09898509472297319,
     -0.01721964298714681,
     -0.024640791596945537
    ],
    [
     -0.03964221216239007,
     -0.007442386219183298,
     -0.03279714125588208,
     0.21149647014478473,
     -0.020050721415959705,
     -0.0030641412093082797,
     -0.0261431833518516,
     -0.04584534808302275,
     0.03417415821743635,
     -0.038550439847684144,
     0.020606795056086764,
     -0.03400969423366442,
     -0.02081330193359093,
     0.015796408323868884,
     0.01987775331312548,
     -0.04411318190988527,
     0.02188272045241802,
     0.023546886947704057
    ],
    [
     0.061484270665273975,
     0.01795642332056074,
     0.10498967250168578,
     -0.020050721415959705,
     0.3483743453404645,
     0.09155421183420721,
     0.02694447241753883,
     0.1855838904052262,
     -0.05616893213722022,
     0.06343356470064902,
     -0.03446396962216852,
     0.1467022632192984,
     -0.01357134460855655,
     0.09393259203469198,
     0.06071409049589268,
     0.13480629807304878,
     -0.029892901287841528,
     -0.0288106602777793
    ],
    [
     0.040299007745976716,
     -0.024126159382505643,
     0.032517434465641426,
     -0.0030641412093082797,
     0.09155421183420721,
     0.3194949345344731,
     0.05857813034832902,
     0.0987373157589136,
     0.030404233596347672,
     -0.02626637975466395,
     -0.04821832372475181,
     0.04476636655752994,
     0.02327168346345098,
     -0.025965720524711872,
     0.0630327949358441,
     0.10649229868595987,
     -0.06558599811784328,
     -0.06300528826633449
    ],
    [
     0.07054396278734283,
     -0.010632798637288854,
     0.03654242702007242,
     -0.0261431833518516,
     0.02694447241753883,
     0.05857813034832902,
     0.26653255343522864,
     0.06506159086850924,
     -0.004746768666855432,
     0.014155130066883374,
     -0.075787567057937,
     0.013824738624625946,
     0.056386853491738574,
     -0.11631627302291739,
     -0.00797322392952585,
     0.08401956546774521,
     -0.07104219865808843,
     -0.07305299467977601
    ],
    [
     0.11934301514942643,
     0.03143461147856326,
     0.15750384317184,
     -0.04584534808302275,
     0.1855838904052262,
     0.0987373157589136,
     0.06506159086850924,
     0.4422420115339558,
     -0.09619412780216728,
     0.11278854341177476,
     -0.09343722048146821,
     0.1824809856688388,
     0.012017489368947669,
     0.03558583334490158,
     0.04393595734101698,
     0.1883116113312966,
     -0.060212618154489174,
     -0.06216109591399581
    ],
    [
     -0.08232755016036568,
     -0.07132801926557555,
     -0.16840234235360071,
     0.03417415821743635,
     -0.05616893213722022,
     0.030404233596347672,
     -0.004746768666855432,
     -0.09619412780216728,
     0.3285694025858241,
     -0.13820262900678915,
     -0.06196009225816682,
     -0.13141088174005064,
     -0.0004951482180425668,
     -0.09802042873995269,
     -0.007194599306172803,
     -0.058737786691165576,
     -0.007677371825179585,
     -0.0029346374413847394
    ],
    [
     0.09252627786484019,
     0.07054122125557687,
     0.1709882729750952,
     -0.038550439847684144,
     0.06343356470064902,
     -0.02626637975466395,
     0.014155130066883374,
     0.11278854341177476,
     -0.13820262900678915,
     0.33286399576594394,
     0.02901951702431785,
     0.1316146402205206,
     0.004733837331386026,
     0.06809891841564372,
     0.003491268693016562,
     0.06888337150180113,
     -0.00010456245205759616,
     -0.005481709069102926
    ],
    [
     -0.04679249504569749,
     0.03919946983899519,
     0.055726975105289255,
     0.020606795056086764,
     -0.03446396962216852,
     -0.04821832372475181,
     -0.075787567057937,
     -0.09343722048146821,
     -0.06196009225816682,
     0.02901951702431785,
     0.49187176909486985,
     0.05851881372759309,
     -0.03489702274102049,
     0.29285354852968803,
     0.033983914247827804,
     -0.057160021314394696,
     0.06800243408906688,
     0.07108655555290642
    ],
    [
     0.08652666470430398,
     0.05670289601815312,
     0.1772298890539044,
     -0.03400969423366442,
     0.1467022632192984,
     0.04476636655752994,
     0.013824738624625946,
     0.1824809856688388,
     -0.13141088174005064,
     0.1316146402205206,
     0.05851881372759309,
     0.38785396192788135,
     -0.011838856094458809,
     0.17740355249265932,
     0.04777501493858433,
     0.13255279002435727,
     -0.010807350027581758,
     -0.011978731170762607
    ],
    [
     0.045734072527695735,
     -0.012724128704937587,
     0.00643984138374757,
     -0.02081330193359093,
     -0.01357134460855655,
     0.02327168346345098,
     0.056386853491738574,
     0.012017489368947669,
     -0.0004951482180425668,
     0.004733837331386026,
     -0.03489702274102049,
     -0.011838856094458809,
     0.24339492001865395,
     -0.09436279262566034,
     -0.029116569296111207,
     0.04509271338583193,
     -0.05216001291223186,
     -0.0538579928967499
    ],
    [
     -0.06451947241582033,
     0.04219686185265796,
     0.058734733606397416,
     0.015796408323868884,
     0.09393259203469198,
     -0.025965720524711872,
     -0.11631627302291739,
     0.03558583334490158,
     -0.09802042873995269,
     0.06809891841564372,
     0.29285354852968803,
     0.17740355249265932,
     -0.09436279262566034,
     0.6679474571426606,
     0.05195772785242523,
     0.0075477533987752185,
     0.09871253064804389,
     0.10560146498965467
    ],
    [
     0.012950759105854415,
     0.02835676795054176,
     0.09763149652570469,
     0.01987775331312548,
     0.06071409049589268,
     0.0630327949358441,
     -0.00797322392952585,
     0.04393595734101698,
     -0.007194599306172803,
     0.003491268693016562,
     0.033983914247827804,
     0.04777501493858433,
     -0.029116569296111207,
     0.05195772785242523,
     0.2966686274092422,
     0.015978200551670624,
     0.006132564788948463,
     0.006846418138148966
    ],
    [
     0.10497058457427104,
     0.0011709908658391875,
     0.09898509472297319,
     -0.04411318190988527,
     0.13480629807304878,
     0.10649229868595987,
     0.08401956546774521,
     0.1883116113312966,
     -0.058737786691165576,
     0.06888337150180113,
     -0.057160021314394696,
     0.13255279002435727,
     0.04509271338583193,
     0.0075477533987752185,
     0.015978200551670624,
     0.3704077992382113,
     -0.08318457174032054,
     -0.08363236466333862
    ],
    [
     -0.05758513661805805,
     0.019290194262616578,
     -0.01721964298714681,
     0.02188272045241802,
     -0.029892901287841528,
     -0.06558599811784328,
     -0.07104219865808843,
     -0.060212618154489174,
     -0.007677371825179585,
     -0.00010456245205759616,
     0.06800243408906688,
     -0.010807350027581758,
     -0.05216001291223186,
     0.09871253064804389,
     0.006132564788948463,
     -0.08318457174032054,
     0.2597356680125945,
     0.07002003167920515
    ],
    [
     -0.06263310805945252,
     0.016006852615483944,
     -0.024640791596945537,
     0.023546886947704057,
     -0.0288106602777793,
     -0.06300528826633449,
     -0.07305299467977601,
     -0.06216109591399581,
     -0.0029346374413847394,
     -0.005481709069102926,
     0.07108655555290642,
     -0.011978731170762607,
     -0.0538579928967499,
     0.10560146498965467,
     0.006846418138148966,
     -0.08363236466333862,
     0.07002003167920515,
     0.26181083321639775
    ]
   ],
   "covariance_kind": "ledoit_wolf",
   "work_count": 6,
   "works": [
    {
     "title": "Americana",
     "path": "data/baselines/author_space_build/work_baselines/delillo-don/americana-don-delillo-1971-6aac29fe_baseline.json",
     "vector": [
      0.032847520846939225,
      0.28277693034582296,
      0.5279537050821741,
      -0.5016796252901958,
      1.2599229142327548,
      0.24759586773566555,
      -0.24509361756828338,
      -1.163510833856655,
      0.2227971293744478,
      -0.23729068897882064,
      0.018024008361402947,
      0.5838293943507676,
      -0.5375693107345312,
      1.5435542003257894,
      0.2910934438725126,
      0.20282594563184217,
      0.08601298070517334,
      0.14702386316950503
     ],
     "raw": {
      "lexical_density": 0.49329237315044133,
      "abstract_ratio": 0.3312958435207824,
      "formality_index": 0.084644554642324,
      "complexity_score": 0.4174874371859296,
      "paragraph_cv": 1.5634059731577226,
      "sentiment_score": 0.029242671902109395,
      "repetition_ratio": 0.9470772210579793,
      "metaphor_per_100": 0.663618467009589,
      "past_ratio": 0.6502857142857142,
      "present_ratio": 0.3106285714285714,
      "future_ratio": 0.039085714285714286,
      "char_ngram_mean": 0.0409718776216028,
      "function_word_ratio_extended": 0.2864831396456468,
      "self_focus_ratio": 0.47704706640876854,
      "sentence_cv": 0.8803116634317715,
      "certainty_index": -0.351123595505618,
      "ttr": 0.10009049342731949,
      "vocabulary_richness": 0.15301327236934018
     },
     "word_count": 125415,
     "form": "novel",
     "translator": null,
     "coverage": 1.0,
     "imputed_dims": [],
     "text_path": "data/raw/author-data/text/delillo-don/americana-don-delillo-1971-6aac29fe.txt",
     "body_start": 398,
     "body_end": 689591,
     "mfw_z": [
      -0.365620628409074,
      0.3896924092559686,
      0.3825641144066288,
      0.09978723349548975,
      0.7060061263124447,
      0.1328892012664891,
      1.3718566047174656,
      -0.7320057054459381,
      0.1689359052579275,
      0.47012934829650094,
      -0.5453542299331808,
      0.05776938543154578,
      -0.7391112338495449,
      -0.6550697718024444,
      0.4447807828308616,
      -0.13350491434918416,
      -0.664814488464787,
      -0.7787709162551714,
      -0.530320918041895,
      -0.23335434486691053,
      -0.6920676485967978,
      -0.03209434044993297,
      -0.9906709483473047,
      -0.9522527893738029,
      -0.697256158066528,
      0.11936787119865468,
      -0.6900707925815026,
      -1.049108186326634,
      -0.010545432061733978,
      1.07901779240121,
      0.30039862611448404,
      0.4703186864174135,
      -0.7649801739203038,
      0.03806687661563487,
      0.30898351449061867,
      -0.6094487542714841,
      -0.14692823868898855,
      1.6396339618839988,
      -0.06221122487875799,
      0.7451125220040999,
      1.7184747878630011,
      -0.6660775216365039,
      0.8828268988294217,
      0.06456370785811787,
      -0.9556673493855526,
      -0.752271657044864,
      -0.25017984010987093,
      -0.3431089324731424,
      0.5452213082173036,
      -0.7378852252906709,
      -0.5713577162865177,
      -0.9204276998741538,
      0.8143478047429543,
      1.0123726946980223,
      -0.35119217659398355,
      -0.9324457474237703,
      -0.4009941355545896,
      -0.5199255030148122,
      -0.14932245448803003,
      -0.06334534390757204,
      -0.3383047969850981,
      -0.20575013796417688,
      -0.6769779255506178,
      0.0030247886480464638,
      1.2090077778062631,
      -0.7347831840953869,
      0.6411735195838342,
      0.4306612808129738,
      0.33769551150908705,
      -0.40726719486443136,
      -0.7236184933086984,
      -0.2958668413329247,
      0.23822308683925242,
      -0.2268913434213129,
      -0.0007182664559908433,
      -0.6814998024188447,
      -1.0731400391547137,
      -0.19375017648950477,
      -1.1128455045574184,
      -0.4437195915335628,
      0.37202512833284995,
      0.327966743383075,
      0.3406212028208631,
      -0.9617638201143138,
      -0.4319882419705835,
      0.7264401886658144,
      -0.20406764800450006,
      -0.3916696125067652,
      -0.8758384549941899,
      0.1008039851839936,
      -0.5143343532576738,
      -0.46726582049811727,
      -1.1856861643939185,
      -0.5372903058646178,
      -0.2191259751138432,
      0.7796407511068205,
      0.7832232317628396,
      0.611906822517486,
      -0.5251565504432877,
      -1.2218420524149591,
      0.44590818142175537,
      0.6111635254755741,
      0.3413770979556518,
      -0.4988519385802177,
      1.133003633110744,
      -1.5163949607339435,
      -0.29972258753702397,
      -0.2708055706611923,
      0.03928149609605968,
      -0.035348694318355835,
      -0.1725566759529554,
      1.0307186999289946,
      0.34561220948975085,
      -0.7474587762323252,
      0.15633481644519012,
      0.5879835787949788,
      -0.9573329745868624,
      -0.994624444861707,
      1.4123972723225793,
      -0.7153728315252864,
      0.28972799899369633,
      0.2819333676298344,
      -0.1297405076712568,
      -0.4918307881392834,
      -0.12807947106025913,
      -0.9994084319517844,
      -0.17503161566412992,
      -0.5517067515652875,
      -0.39300193524456467,
      0.004296021434649898,
      0.9605680021061758,
      -0.3110246479141497,
      0.09654753927713434,
      0.5165523629926029,
      -0.39577327159970804,
      -0.07430347037794514,
      0.09815964582421523,
      0.7471266607057818,
      -0.005869619756778188,
      -0.5684605439260269,
      -1.1449228351144018,
      -0.2905742147939141,
      0.3584094242040217,
      -0.49536666887305775,
      -0.5269815984714853,
      -0.3945354910005206,
      0.4599552359200487,
      -0.4386331591067397,
      0.2659693750599303,
      0.04051201848758672,
      1.323041187226926,
      -0.7960752557882724,
      -0.49435688405064176,
      -0.5741005825323238,
      -0.12041798154240863,
      -1.062925547410758,
      -0.2177674537481837,
      0.233467681715693,
      -0.2762482151156058,
      -0.3900197353546293,
      0.023582306178873306,
      0.5607418412615341,
      0.7975920426659994,
      0.3988782484860249,
      -0.7369067751588502,
      0.5113623735535432,
      0.10726892376261009,
      0.43852588433491685,
      -0.5091751157422235,
      -0.2154773360681571,
      -1.0316743800999824,
      0.15399118934637282,
      -0.5073695936050316,
      0.09898643243965936,
      0.1985205698417892,
      -0.1942779349033571,
      -1.0347910020078837,
      0.23865256919885405,
      0.5155663525555837,
      -0.2637164691299044,
      1.0489949700876906,
      -0.2258249770478642,
      -0.24347851194474177,
      -0.058869466795017034,
      -0.1868448375793253,
      -0.04770303864905796,
      -0.32751359440392375,
      -0.4804575291689747,
      0.6786213422257787,
      0.2193773042557172,
      -0.3615481709946542,
      -0.17792901005215553,
      -0.13620042351387743,
      -0.4756341234802371,
      -0.5939387298395742,
      0.08663334373926042,
      0.8969048022902782,
      0.14507991821684627,
      1.459287732268702,
      -0.20803198355522667,
      -0.6340206757578845,
      -0.1675102459415706,
      -0.04102230958256564,
      -0.05949058084922952,
      -0.7232484852981003,
      -0.37540956116604907,
      0.7510383144714713,
      -0.477476644949158,
      -0.517963418996562,
      -0.14124721271328153,
      -0.6038874599628321,
      1.550709060401734,
      -0.15723982294936883,
      -0.6656716780228427,
      -0.27717604535482415,
      -0.4200016015883914,
      -0.5261676795058882,
      -0.9645095767483358,
      -0.38625920890497417,
      -0.6303295910608511,
      -0.01908584623689137,
      0.18260511399702836,
      -0.6303453371632882,
      -0.23689499560776622,
      -0.2583786336959416,
      -0.8210124074181402,
      -0.20822016927623505,
      0.5937155833894014,
      -0.5634523080055852,
      -0.14295626262220296,
      -0.10358519105420078,
      -0.39333042696383985,
      -0.21821307529803202,
      -0.23584596782155096,
      -0.19855283845744168,
      0.7096867154299529,
      -0.24161461527632355,
      -0.4450214181627806,
      -0.1486841312180136,
      1.1469890131301594,
      -0.19380382837131316,
      0.7368645862254153,
      0.09530978287020553,
      -0.13658803727079266,
      -0.954402913493207,
      -0.2166488642851459,
      -0.018264320619538348,
      -0.15780795879223947,
      -0.5206125333587573,
      0.5446052578437486,
      0.04059295958352705,
      0.41074787948750396,
      -0.46730897800992693,
      -0.33395176136112437,
      0.5795519264831529,
      -0.36923164893134447,
      -0.22937381409611943,
      -0.2888942303888597,
      -0.15835182253389854,
      -0.17968231109833235,
      -0.17893295876210213,
      -0.12543752537970979,
      -0.19940643130404875,
      0.6517101000240894,
      -0.1301784321368089,
      -0.6261868927819065,
      0.5309155278071421,
      -0.264130910578879,
      -0.22746776658424075,
      -0.25245845562668395,
      -0.22223706457947778,
      -0.2683254704598741,
      -0.24873694593213774,
      -0.19800953863344045,
      -0.19105945835348584,
      -0.17816544708520773,
      -0.6009920382204327,
      -0.32995339952966574,
      -0.23006512733503315,
      0.5690079276572063,
      -0.2305704547666759,
      -0.06787687048238553,
      -0.0981247836117401,
      0.40281528003636224,
      -0.28811038524283633,
      -0.17563541962580975,
      -0.9225466552637521,
      -0.215013434354217,
      -0.25020939324830793,
      0.14521050206380406,
      -0.23074274827807043,
      -0.015509105695566176,
      -0.11548589591414245,
      -0.23238898315994305,
      -0.19498100107026195,
      -0.7021612678821311,
      -0.391373258711654,
      -0.10127239280021413,
      0.06399694364698431,
      -0.2500974855942633
     ]
    },
    {
     "title": "Falling Man",
     "path": "data/baselines/author_space_build/work_baselines/delillo-don/falling-man-don-delillo-unknown-e1329a89_baseline.json",
     "vector": [
      -0.07988805942444284,
      0.42854011146893384,
      0.2033283096884496,
      -0.38396281445484315,
      -0.11694707168897972,
      -0.7468668121279034,
      -0.3134873342362084,
      -2.4144119315586625,
      0.587048180973422,
      -0.4801505675503454,
      -1.1547688459931775,
      -0.9386553968870444,
      -0.4524130746233472,
      -0.9582656884971074,
      -0.10938465544003648,
      -1.151576709402035,
      0.3284130701587039,
      0.3232075027292488
     ],
     "raw": {
      "lexical_density": 0.490283225700607,
      "abstract_ratio": 0.34579439252336447,
      "formality_index": 0.07854781437492347,
      "complexity_score": 0.44913570435128153,
      "paragraph_cv": 1.1634257956712148,
      "sentiment_score": 0.004065000918611061,
      "repetition_ratio": 0.9458306611582574,
      "metaphor_per_100": 0.4161135885695536,
      "past_ratio": 0.6909701639992096,
      "present_ratio": 0.28492392807745504,
      "future_ratio": 0.02410590792333531,
      "char_ngram_mean": 0.04003705386489938,
      "function_word_ratio_extended": 0.28774478366567735,
      "self_focus_ratio": 0.13237597911227153,
      "sentence_cv": 0.8068979903624128,
      "certainty_index": -0.6116504854368932,
      "ttr": 0.10723500723351578,
      "vocabulary_richness": 0.1614043460752584
     },
     "word_count": 66807,
     "form": "novel",
     "translator": null,
     "coverage": 1.0,
     "imputed_dims": [],
     "text_path": "data/raw/author-data/text/delillo-don/falling-man-don-delillo-unknown-e1329a89.txt",
     "body_start": 426,
     "body_end": 373426,
     "mfw_z": [
      0.5477756606040899,
      0.5616069675908517,
      -0.024559274572953173,
      0.2567179978581184,
      0.02232670102813563,
      1.2622475344302146,
      -0.7983039457709273,
      1.1200334061128392,
      0.30482347111960906,
      1.4007053425997922,
      -0.35783399449105074,
      -0.6456122181760781,
      -0.19913090143045667,
      1.3415057926153613,
      -0.06788172821959478,
      -1.2877015215733394,
      0.030609855643216523,
      -1.529005488159037,
      -1.2409103435674642,
      -1.584723844838176,
      -0.42740008792236284,
      -0.01429279738503102,
      0.8291685625305594,
      -1.9497450731364732,
      0.28600066033252913,
      0.5025351529940875,
      0.9721672511454109,
      -0.5786541245433614,
      2.8450916983301693,
      -0.48210398446410513,
      -0.6410015652256136,
      2.2252928201115876,
      0.381413440778832,
      0.7279202935989871,
      -0.5745941415454965,
      -1.4117969692830012,
      -1.5200382069356486,
      -0.9642892967162806,
      0.697364353323036,
      -1.050185964212219,
      -0.38533681381192486,
      -1.205318637777565,
      1.0122391486847946,
      2.2575827111709454,
      -0.6950477543088199,
      -1.0275317025173827,
      -0.7435800467412633,
      -0.3343996542937389,
      0.48558427550979544,
      -0.31422442435457615,
      -1.506495606539558,
      0.0753670229584038,
      0.784962268768269,
      0.4709884103952184,
      0.17162267869028797,
      -1.0440335403698475,
      -1.0691076540482118,
      -0.4758374652944357,
      -1.6856461699976406,
      -0.5537481492658181,
      -0.31466745575750116,
      -0.15504126932205672,
      0.8114094708378189,
      -0.4127019898266143,
      -0.5798615947284222,
      0.7923710416529807,
      -0.9195108189870401,
      -0.912115050002871,
      -0.4770116144433018,
      0.951225925629326,
      0.6312197586285996,
      -0.4942491847346809,
      -1.2736445061171076,
      0.6625141238073294,
      -0.769251785797425,
      -0.2404169624869398,
      -0.6155752360991755,
      1.0041793144236595,
      -0.18080379439089578,
      2.4506166057599605,
      -1.2855480181084438,
      0.38741726414864425,
      2.62129265726905,
      -0.7526537552475225,
      -0.005500148419833263,
      -0.23031578871001931,
      -0.38501661739253906,
      -0.767045095922203,
      -1.245587897406192,
      -0.6082732244217101,
      -0.880950729697737,
      -1.0638478055546148,
      -0.08206143529636059,
      -0.08271830166811593,
      -1.8501960752227746,
      -0.9618532684092395,
      -0.4865252307307414,
      0.4836505652700771,
      -1.3867603680579113,
      -0.30290664773915804,
      -0.8358024446232567,
      -0.6595250255549812,
      -0.671748960884703,
      0.4423657723062758,
      -0.1219848913679585,
      -1.749124923559225,
      0.005612899995533219,
      0.8775147225900991,
      1.119191461722907,
      -0.33604991128104866,
      2.2167378968764826,
      -0.499256116745457,
      -0.9049197522944826,
      -0.6670644573531279,
      0.045914479689417545,
      0.25449030361251246,
      1.3302981536119847,
      -1.2061863831980544,
      -0.4083706186120885,
      0.04070121347184778,
      -0.16978310398199611,
      -0.8245031525226848,
      0.49081346008859295,
      -0.26829921106518984,
      -1.1923906360975558,
      -0.9850721351139669,
      1.6885697020059052,
      0.35430127725590094,
      -0.4096260943046104,
      -0.5882837746569812,
      -0.9292345125416798,
      -1.256803851782205,
      -1.075181313139205,
      0.22974323905691943,
      0.10276308014744594,
      1.2022364009024824,
      0.36423394994979513,
      0.9385427433947464,
      -0.7015110878307795,
      -1.2771382455784792,
      -1.1142669703827597,
      -1.2385812726781849,
      0.14754994327351326,
      -0.3239003506313845,
      -0.09873304789767057,
      -0.36968303530031627,
      -0.6195510187045047,
      1.4460865238330312,
      -0.6700141544037613,
      -1.2066066870796335,
      -0.7078595415963028,
      1.880811231956787,
      1.5306965919189741,
      0.11304647215471704,
      -0.6668079404459554,
      -1.212927764469226,
      1.7928416219505967,
      0.1063170931486905,
      -0.2762482151156058,
      -0.8011459236035375,
      2.210842231435993,
      2.415658518280045,
      -0.4675712192751287,
      -1.3111494645540998,
      1.424552865647126,
      1.0296149031146988,
      -0.5300203670452664,
      -0.7305835092443649,
      -1.2073464962509222,
      -0.24249913479130292,
      0.5428428056867862,
      -0.44280784134521867,
      -0.37865334521126426,
      1.0885228941909644,
      3.6391469982994136,
      -0.5529847273702713,
      1.7672095250780595,
      0.656208310437457,
      -0.37101744601516995,
      1.1150242726451296,
      -0.5790249373516263,
      -0.2258249770478642,
      5.589130085290007,
      0.023521640814451496,
      -0.8348453087740333,
      -0.5521587696355107,
      0.15654746459829377,
      -0.4787160806858993,
      0.7506289376168902,
      0.3922519803165077,
      -0.07470763758855578,
      0.24325888713420882,
      0.16027170611283104,
      -0.877488712903562,
      -0.4415654803309989,
      -0.6661803699820721,
      -0.16951752246989044,
      -0.8069890266327221,
      0.5877142484245212,
      -0.20803198355522667,
      0.04379555799956977,
      -0.5546615557359136,
      -0.7480424188467398,
      -0.6623194318655383,
      -0.9105167551109343,
      -0.3689375215379198,
      0.21070572244450397,
      0.15124466866312278,
      -0.517963418996562,
      -1.1608681022339666,
      -0.9473919810602401,
      -0.2336359045355056,
      -0.15723982294936883,
      -0.7924894487902155,
      -0.27717604535482415,
      -1.0027255419699053,
      -0.7910920769459978,
      0.8247321830380392,
      0.8472629300345079,
      -0.9306177138921181,
      -0.5211950918053903,
      -0.5123130981580754,
      -0.8147120125779889,
      -0.22942109921794723,
      -0.20538314007851297,
      -0.9640751975948882,
      -0.20822016927623505,
      0.12226436084924804,
      -0.6861416829913837,
      -0.37001371515406994,
      -0.5743936482689777,
      -0.8791751939607773,
      -0.21821307529803202,
      -0.23584596782155096,
      -1.0161945391634841,
      -0.6985427253433131,
      -0.24161461527632355,
      -0.25736983301225147,
      -0.5176503389258214,
      0.28747612954091706,
      -0.12164199196352006,
      1.0125505754952884,
      2.866453276220833,
      1.0525760829663386,
      -0.1683413458740319,
      -0.2166488642851459,
      -0.867841123970748,
      -0.15780795879223947,
      -0.3966029617396715,
      -0.15874919553157552,
      0.5374351129417899,
      -0.16091809864669357,
      -0.6434418787666988,
      -0.6757800666981153,
      -0.6558202230028407,
      -0.6787020814728962,
      -0.8342544979345881,
      -0.2888942303888597,
      -0.6185112036881577,
      -0.06859427704892049,
      -1.0140303100712393,
      -0.12543752537970979,
      -0.19940643130404875,
      -0.8822071690116429,
      -0.20970077021279768,
      1.9406331929287948,
      -0.6228202123808698,
      -0.264130910578879,
      -0.22746776658424075,
      -0.25245845562668395,
      -0.22223706457947778,
      -0.2683254704598741,
      -0.24873694593213774,
      -0.19800953863344045,
      -0.19105945835348584,
      -0.17816544708520773,
      0.06799992653596619,
      1.7159915240310735,
      -0.23006512733503315,
      -0.4024072154479704,
      -0.2305704547666759,
      0.274913307254751,
      -0.6704006103735691,
      0.18316899193482372,
      -0.28811038524283633,
      -0.17563541962580975,
      -0.47171579118550494,
      -0.215013434354217,
      -0.25020939324830793,
      -0.44987465139022764,
      -0.24997876074923248,
      -0.881545453180345,
      -0.11548589591414245,
      -0.23238898315994305,
      -0.19498100107026195,
      -0.7021612678821311,
      -0.5510632107100938,
      -0.6569046142785995,
      0.7855194305726497,
      -0.2500974855942633
     ]
    },
    {
     "title": "Libra",
     "path": "data/baselines/author_space_build/work_baselines/delillo-don/libra-don-delillo-1988-02e02a3b_baseline.json",
     "vector": [
      0.8929750964192439,
      0.4360248308948703,
      0.9676956380309604,
      -0.903824673756447,
      0.19729439049558645,
      -0.30130032827935954,
      0.5240036635302668,
      -1.6899889726565789,
      -0.2075660645676694,
      0.25736667069797003,
      -0.3175739754359659,
      0.008234964899160263,
      0.40174629630013037,
      -0.5253657886685004,
      -0.5695232174577564,
      0.21906459971924533,
      -0.48278656936327535,
      -0.4993042034936154
     ],
     "raw": {
      "lexical_density": 0.5162509696674862,
      "abstract_ratio": 0.3465388711395101,
      "formality_index": 0.09290328112495713,
      "complexity_score": 0.30937039049763215,
      "paragraph_cv": 1.2547128141285604,
      "sentiment_score": 0.015345792605184871,
      "repetition_ratio": 0.9610949682474986,
      "metaphor_per_100": 0.5594488344268115,
      "past_ratio": 0.6022169725604216,
      "present_ratio": 0.36298382700345266,
      "future_ratio": 0.03479920043612575,
      "char_ngram_mean": 0.04061845580092238,
      "function_word_ratio_extended": 0.30039970022483137,
      "self_focus_ratio": 0.1920157956438576,
      "sentence_cv": 0.7225476550592829,
      "certainty_index": -0.348,
      "ttr": 0.08332566364700159,
      "vocabulary_richness": 0.122230695399503
     },
     "word_count": 151385,
     "form": "novel",
     "translator": null,
     "coverage": 1.0,
     "imputed_dims": [],
     "text_path": "data/raw/author-data/text/delillo-don/libra-don-delillo-1988-02e02a3b.txt",
     "body_start": 1343,
     "body_end": 847931,
     "mfw_z": [
      0.49968603619652097,
      -0.8635348064303222,
      0.5793622927985299,
      2.286641666865032,
      -0.0057538981132133,
      1.6446951554917335,
      -0.6006791741717745,
      1.4396656999697917,
      -0.4612185453270929,
      0.3432937874838991,
      -1.1886300851262355,
      -0.4271064881257047,
      0.5394284888537906,
      -0.7250574022378353,
      0.0684945669917221,
      0.3765589466066636,
      -0.948604243904232,
      -0.0677530424668665,
      -0.9289582510602866,
      -0.2928700193049229,
      -0.7440192668233325,
      1.133724970029358,
      1.3847239779804699,
      -1.6738380665556387,
      -1.3917749883718882,
      0.13427544987367346,
      -0.7727445766977046,
      -0.5808667242881966,
      0.8336574664618368,
      -0.8895548895786832,
      -0.7563870145742895,
      0.5176325023071062,
      0.877253373014066,
      -0.1963031992469104,
      0.3804532703719036,
      -0.8203367581009671,
      -0.7383317156675274,
      -0.5629439573873424,
      -0.8051911107717108,
      -0.8210167460998391,
      0.0025842100742947353,
      -0.3032622676514776,
      0.05439081391608364,
      -0.5184818831361308,
      -1.2801683278335765,
      -1.1363449200677067,
      -0.8490824471865721,
      -0.5376638866110506,
      0.2628873324643879,
      -1.1404870843013946,
      -1.1927464251514226,
      -0.5825133316809796,
      -0.6777514051331062,
      1.3907239555626512,
      -0.5615786402984874,
      -0.5120196355797735,
      -0.5650774397730123,
      -0.6470599125111411,
      -1.5071008201170817,
      0.41994606673797313,
      -0.26879178675181115,
      0.6291297493949983,
      -0.27198924240190464,
      -0.06702797123824442,
      -0.10707555342561094,
      -0.7697917950967829,
      -0.559147132346435,
      -0.6509393091560141,
      -0.09500507269294253,
      0.29408865389209504,
      0.3404617473287624,
      -1.59973794260135e-05,
      -1.3840583439036727,
      -0.7461170871958138,
      -0.4271636902302905,
      0.44266672268007007,
      -1.4689661034647927,
      -0.3703267799382996,
      -1.0667899961978555,
      0.2232261450786769,
      0.06532076387987153,
      0.02643459678710877,
      0.20607831805259358,
      -1.123699487078241,
      -0.1443704299375194,
      0.2656574206291938,
      0.508993559101816,
      -1.354721093676668,
      -0.8575268352047293,
      -0.08052106847634401,
      0.10377605424268053,
      -1.1553331180808817,
      -1.2808195010500463,
      -0.8342215419980041,
      -1.3865784209046441,
      -0.9479842523016955,
      -0.28623777604312367,
      0.44820915853418974,
      -1.2534732544597145,
      -0.9885020636767959,
      -0.6043981078547315,
      -0.3147643219072793,
      -1.1604899342762287,
      -0.2768036254648579,
      -0.04015377694789295,
      -2.011437153108919,
      -0.6976440518391435,
      -0.6421365050548681,
      0.39108413478395526,
      -0.943663555681225,
      0.7986703256054071,
      -0.9287075314521648,
      0.23463595267882623,
      -0.7648125765337147,
      -0.6483520590726366,
      -0.8247435152778321,
      -0.037584054062160956,
      -1.3014368095366409,
      -0.22916887268186334,
      0.147124876718022,
      0.5058019607029774,
      -0.6603436866257343,
      0.1336559378678299,
      -0.32370940420733696,
      -1.5106162357940522,
      -0.7268615595310052,
      -0.4463915741215234,
      0.04725958076362806,
      -0.725708648231468,
      -1.1865520398252487,
      -1.0748704126057285,
      -1.0382653626441802,
      -1.139220178250942,
      -0.0969674995022778,
      -0.16257759097047325,
      0.46966799943035176,
      -0.2612048484169178,
      0.54324338062578,
      0.0732494221906308,
      -1.192820868804318,
      -1.1377716660044341,
      -0.6925505704305706,
      -0.1701309026576977,
      -0.8127251751267525,
      -0.020384905398380167,
      0.9614798729931668,
      0.300106228863245,
      -0.6641237092743446,
      -0.6727611140639281,
      -1.1086963139481156,
      -0.5090745740739943,
      0.9287185970910302,
      -0.1133594984789177,
      -0.12643186076073287,
      -0.5527219213841839,
      -0.719619739218218,
      0.5903917677693594,
      -0.9608961261301721,
      -0.2762482151156058,
      -0.8851350385159336,
      0.14717510851125132,
      0.3615752496700845,
      -0.5079524267047255,
      -1.4745905371519745,
      0.7005625789695867,
      0.1814260150432021,
      -0.671396631878506,
      -0.8178212487253234,
      -0.8237441099366534,
      -0.3787237112719676,
      -0.9785605491459592,
      -0.6724855515070468,
      -0.3834895890707314,
      0.9347186260495455,
      -0.4892004907717456,
      -0.515306880722196,
      2.2960665760789922,
      -0.3116324987813813,
      -0.6565963957635867,
      0.20126599923522479,
      -0.547504508346912,
      -0.2258249770478642,
      -0.3012246766121803,
      0.36030151640784236,
      -0.11116346169290571,
      -0.9839757264746535,
      -0.3674329219461272,
      -0.6341979753017418,
      -0.5188640445230167,
      -0.002004605538601326,
      -0.5263832781516349,
      -0.7241144174027357,
      -0.8155067954519398,
      -0.7873907653705918,
      -0.5754856583284109,
      0.07934078384365346,
      0.08263284977624118,
      -0.10467755556070713,
      -0.4639512387790044,
      -0.20803198355522667,
      0.24801613140027737,
      -0.027158805881510272,
      -0.3337505581918501,
      -0.7851840667928749,
      -0.9777687035321462,
      -0.6413798618642524,
      0.2879054640188014,
      -0.5678783182796411,
      -0.517963418996562,
      -1.1110792501740927,
      -1.1431177606478335,
      -0.37761386006634207,
      -0.15723982294936883,
      -0.8690443899591088,
      -0.27717604535482415,
      -1.069959714935085,
