{
 "meta": {
  "version": "1.1.0",
  "generated": "2026-06-10T15:49:32.322308+00:00",
  "manifest_path": "data/pd_manifest.yaml",
  "dimension_set_version": "v1",
  "n_authors": 9,
  "n_works": 35,
  "n_reference_authors": 0,
  "min_works": 3,
  "seed": 20260609,
  "n_bootstrap": 1000,
  "distance_method": "burrows_delta_mfw300",
  "distance_variant": "mfw_delta",
  "alpha": 0.5,
  "feature_blocks": {
   "d18": {
    "n_dims": 18,
    "dimension_set_version": "v1"
   },
   "mfw_delta": {
    "n_mfw": 300,
    "tokenizer": "lowercase_regex_v1",
    "vocab_filter": "none",
    "frequency_unit": "per_1000_tokens"
   }
  },
  "dimension_coverage": {
   "lexical_density": 1.0,
   "abstract_ratio": 1.0,
   "formality_index": 1.0,
   "complexity_score": 1.0,
   "paragraph_cv": 1.0,
   "sentiment_score": 1.0,
   "repetition_ratio": 1.0,
   "metaphor_per_100": 1.0,
   "past_ratio": 1.0,
   "present_ratio": 1.0,
   "future_ratio": 1.0,
   "char_ngram_mean": 1.0,
   "function_word_ratio_extended": 1.0,
   "self_focus_ratio": 1.0,
   "sentence_cv": 1.0,
   "certainty_index": 1.0,
   "ttr": 1.0,
   "vocabulary_richness": 1.0
  }
 },
 "dimensions": [
  "lexical_density",
  "abstract_ratio",
  "formality_index",
  "complexity_score",
  "paragraph_cv",
  "sentiment_score",
  "repetition_ratio",
  "metaphor_per_100",
  "past_ratio",
  "present_ratio",
  "future_ratio",
  "char_ngram_mean",
  "function_word_ratio_extended",
  "self_focus_ratio",
  "sentence_cv",
  "certainty_index",
  "ttr",
  "vocabulary_richness"
 ],
 "shelf_norm": {
  "lexical_density": {
   "mean": 0.4807683182044645,
   "std": 0.02379518834500669
  },
  "abstract_ratio": {
   "mean": 0.4502254150417262,
   "std": 0.13609775401210947
  },
  "formality_index": {
   "mean": 0.09065929869225929,
   "std": 0.013811294986863887
  },
  "complexity_score": {
   "mean": 0.7197227518698593,
   "std": 0.21069898855060265
  },
  "paragraph_cv": {
   "mean": 1.234036040765561,
   "std": 0.4352628258624562
  },
  "sentiment_score": {
   "mean": 0.07671448674837197,
   "std": 0.04397827722916495
  },
  "repetition_ratio": {
   "mean": 0.96097322495904,
   "std": 0.014533614587566532
  },
  "metaphor_per_100": {
   "mean": 1.0308913096765597,
   "std": 0.14883854989103937
  },
  "past_ratio": {
   "mean": 0.6190614156445365,
   "std": 0.0746770526498229
  },
  "present_ratio": {
   "mean": 0.32663854406731085,
   "std": 0.06425467237349941
  },
  "future_ratio": {
   "mean": 0.0543000402881529,
   "std": 0.019137107827200323
  },
  "char_ngram_mean": {
   "mean": 0.04122099496378578,
   "std": 0.000280423382261564
  },
  "function_word_ratio_extended": {
   "mean": 0.2988336929034142,
   "std": 0.015734426497900217
  },
  "self_focus_ratio": {
   "mean": 0.26272097184642995,
   "std": 0.11265644978033992
  },
  "sentence_cv": {
   "mean": 0.8247847148991575,
   "std": 0.19193245546239893
  },
  "certainty_index": {
   "mean": -0.2782589578243964,
   "std": 0.11153777522129626
  },
  "ttr": {
   "mean": 0.08396603557563483,
   "std": 0.02472268565610769
  },
  "vocabulary_richness": {
   "mean": 0.12299281061659469,
   "std": 0.039170805729028216
  }
 },
 "authors": {
  "austen-jane": {
   "centroid": [
    -1.3321078309963412,
    2.0309076713073706,
    0.2856497179597599,
    1.054317631475365,
    -0.11658288845737941,
    1.8548952314234626,
    1.224832475997187,
    0.49049803523894325,
    -0.31067974539834997,
    -0.09106700002966363,
    1.518104418787694,
    0.3982757769405604,
    0.7460387046169838,
    -0.36829983318797277,
    0.14327285211094926,
    0.6758231612838776,
    -1.249500419665626,
    -1.2430749977389792
   ],
   "covariance": [
    [
     0.0690577863236096,
     -0.002138400927777455,
     0.004637653949146811,
     -0.008600973919448461,
     -0.017717483917737177,
     0.015018802433777331,
     -0.020775487588659748,
     -0.019650415790451587,
     0.025202180055875524,
     -0.020513854398132234,
     -0.02946701970565073,
     -0.0003421407153817942,
     -0.0019337544047714585,
     -0.002746137656374696,
     0.004831312938482762,
     0.0011681932806448258,
     0.02173022866171654,
     0.021423417933408236
    ],
    [
     -0.002138400927777455,
     0.07301125789487722,
     0.006602484629583738,
     -0.027789929001317503,
     0.04672006215285309,
     -0.024284294191941672,
     0.009268863427072048,
     -0.019707315434982487,
     -0.017429325449349692,
     0.011594618157369414,
     0.029082882756365114,
     0.013970641213611839,
     -0.021866578141989074,
     0.007659405919908936,
     -0.01693510043177612,
     0.03558927830156455,
     -0.008017574251305634,
     -0.008499341549328104
    ],
    [
     0.004637653949146811,
     0.006602484629583738,
     0.12489507295440891,
     0.018325671210527927,
     -0.002198355591597201,
     0.002080179448007389,
     -0.025474100153091678,
     -0.009330594097862839,
     0.04258900816674641,
     -0.04875638090741403,
     -0.002487122102158734,
     -0.037796765456168446,
     -0.018353577922670488,
     -0.013705384150567582,
     -0.05297836908168881,
     -0.0007795829392067026,
     0.0358966844568455,
     0.03210792262516953
    ],
    [
     -0.008600973919448461,
     -0.027789929001317503,
     0.018325671210527927,
     0.13208369415179103,
     -0.0789751131470254,
     0.04081335634096766,
     -0.013043081462281059,
     0.06120904026862604,
     0.03802407693981113,
     -0.03357067964979649,
     -0.03566123886138184,
     -0.055893260121053424,
     0.04525243832301665,
     -0.023576929412302695,
     0.0007982284050148638,
     -0.07252189460461832,
     0.01507240226361601,
     0.01435235685836788
    ],
    [
     -0.017717483917737177,
     0.04672006215285309,
     -0.002198355591597201,
     -0.0789751131470254,
     0.218153937143452,
     -0.10858627299826897,
     0.06514370126883992,
     -0.05042268347913377,
     -0.11092102469532258,
     0.08735135516648108,
     0.139546817505295,
     0.07531019005909301,
     -0.08486217147639676,
     0.04047052441070533,
     -0.04122589985448078,
     0.09827387607996164,
     -0.06518347164128054,
     -0.06531098553620564
    ],
    [
     0.015018802433777331,
     -0.024284294191941672,
     0.002080179448007389,
     0.04081335634096766,
     -0.10858627299826897,
     0.14528781566487803,
     -0.05791852086468824,
     0.03032852163588201,
     0.09762124836397093,
     -0.07848153822342534,
     -0.11742953001022974,
     -0.06366483133161258,
     0.07141003233276182,
     -0.03465017873103192,
     0.02737568492716082,
     -0.05065722823415107,
     0.058389605795637664,
     0.058342259927151245
    ],
    [
     -0.020775487588659748,
     0.009268863427072048,
     -0.025474100153091678,
     -0.013043081462281059,
     0.06514370126883992,
     -0.05791852086468824,
     0.11119395704179891,
     0.007811216701367302,
     -0.08413643840487865,
     0.07239040693986795,
     0.08526049883593552,
     0.04274348656247221,
     -0.028014238942553137,
     0.023657518226027654,
     -0.001052625713445149,
     0.018357993048345744,
     -0.05958999413999291,
     -0.058152416175334475
    ],
    [
     -0.019650415790451587,
     -0.019707315434982487,
     -0.009330594097862839,
     0.06120904026862604,
     -0.05042268347913377,
     0.03032852163588201,
     0.007811216701367302,
     0.12834683659267657,
     0.009775423704490147,
     -0.006520592297569619,
     -0.016252262970006898,
     -0.04444219933985778,
     0.05538612205106113,
     -0.01812067873379472,
     0.0120611583489511,
     -0.05432000842507986,
     -0.009886112860126263,
     -0.009137837911107435
    ],
    [
     0.025202180055875524,
     -0.017429325449349692,
     0.04258900816674641,
     0.03802407693981113,
     -0.11092102469532258,
     0.09762124836397093,
     -0.08413643840487865,
     0.009775423704490147,
     0.19136799506693264,
     -0.11746820893912537,
     -0.13449096411356454,
     -0.08363042694738282,
     0.05915672906699347,
     -0.043405133612857826,
     -0.0011305844400069335,
     -0.040778156535733856,
     0.09098064868233695,
     0.0886398041114629
    ],
    [
     -0.020513854398132234,
     0.011594618157369414,
     -0.04875638090741403,
     -0.03357067964979649,
     0.08735135516648108,
     -0.07848153822342534,
     0.07239040693986795,
     -0.006520592297569619,
     -0.11746820893912537,
     0.16030074874578742,
     0.10761210635679311,
     0.07579611029713358,
     -0.04428372574513351,
     0.037949283711941645,
     0.012871127165866766,
     0.031173747363437865,
     -0.08009614651381472,
     -0.07741189057493926
    ],
    [
     -0.02946701970565073,
     0.029082882756365114,
     -0.002487122102158734,
     -0.03566123886138184,
     0.139546817505295,
     -0.11742953001022974,
     0.08526049883593552,
     -0.016252262970006898,
     -0.13449096411356454,
     0.10761210635679311,
     0.21932335070807144,
     0.07185095963113898,
     -0.08215525021294354,
     0.04195768052364357,
     -0.03880426196446786,
     0.05445617114664237,
     -0.08609529998044521,
     -0.08597347450053457
    ],
    [
     -0.0003421407153817942,
     0.013970641213611839,
     -0.037796765456168446,
     -0.055893260121053424,
     0.07531019005909301,
     -0.06366483133161258,
     0.04274348656247221,
     -0.04444219933985778,
     -0.08363042694738282,
     0.07579611029713358,
     0.07185095963113898,
     0.13564602401824033,
     -0.055789702193999015,
     0.03625553380903302,
     0.013654349567513872,
     0.044640948830099454,
     -0.04831812746828584,
     -0.04635521794672633
    ],
    [
     -0.0019337544047714585,
     -0.021866578141989074,
     -0.018353577922670488,
     0.04525243832301665,
     -0.08486217147639676,
     0.07141003233276182,
     -0.028014238942553137,
     0.05538612205106113,
     0.05915672906699347,
     -0.04428372574513351,
     -0.08215525021294354,
     -0.055789702193999015,
     0.1342385201502596,
     -0.02876203640049232,
     0.032417958944467175,
     -0.04927998634559699,
     0.025132140951288535,
     0.02625634457134978
    ],
    [
     -0.002746137656374696,
     0.007659405919908936,
     -0.013705384150567582,
     -0.023576929412302695,
     0.04047052441070533,
     -0.03465017873103192,
     0.023657518226027654,
     -0.01812067873379472,
     -0.043405133612857826,
     0.037949283711941645,
     0.04195768052364357,
     0.03625553380903302,
     -0.02876203640049232,
     0.07319341535272988,
     0.0011838874599530585,
     0.021088389230069376,
     -0.025727584259009506,
     -0.025015677162744075
    ],
    [
     0.004831312938482762,
     -0.01693510043177612,
     -0.05297836908168881,
     0.0007982284050148638,
     -0.04122589985448078,
     0.02737568492716082,
     -0.001052625713445149,
     0.0120611583489511,
     -0.0011305844400069335,
     0.012871127165866766,
     -0.03880426196446786,
     0.013654349567513872,
     0.032417958944467175,
     0.0011838874599530585,
     0.10912683036343684,
     -0.02193972079340347,
     -0.006935580937246465,
     -0.003986839893214989
    ],
    [
     0.0011681932806448258,
     0.03558927830156455,
     -0.0007795829392067026,
     -0.07252189460461832,
     0.09827387607996164,
     -0.05065722823415107,
     0.018357993048345744,
     -0.05432000842507986,
     -0.040778156535733856,
     0.031173747363437865,
     0.05445617114664237,
     0.044640948830099454,
     -0.04927998634559699,
     0.021088389230069376,
     -0.02193972079340347,
     0.1367081353113656,
     -0.01779105412998421,
     -0.01804023739518345
    ],
    [
     0.02173022866171654,
     -0.008017574251305634,
     0.0358966844568455,
     0.01507240226361601,
     -0.06518347164128054,
     0.058389605795637664,
     -0.05958999413999291,
     -0.009886112860126263,
     0.09098064868233695,
     -0.08009614651381472,
     -0.08609529998044521,
     -0.04831812746828584,
     0.025132140951288535,
     -0.025727584259009506,
     -0.006935580937246465,
     -0.01779105412998421,
     0.12122955812092097,
     0.06338736991920739
    ],
    [
     0.021423417933408236,
     -0.008499341549328104,
     0.03210792262516953,
     0.01435235685836788,
     -0.06531098553620564,
     0.058342259927151245,
     -0.058152416175334475,
     -0.009137837911107435,
     0.0886398041114629,
     -0.07741189057493926,
     -0.08597347450053457,
     -0.04635521794672633,
     0.02625634457134978,
     -0.025015677162744075,
     -0.003986839893214989,
     -0.01804023739518345,
     0.06338736991920739,
     0.11741242969732937
    ]
   ],
   "covariance_kind": "ledoit_wolf",
   "work_count": 5,
   "works": [
    {
     "title": "Emma",
     "path": "data/pd_work_baselines/austen-jane/emma-jane-austen-1815-dc76d413_baseline.json",
     "vector": [
      -1.2861638273919112,
      2.0426663642861063,
      -0.26587797947784075,
      0.6301282730939082,
      0.18614663691356836,
      1.5671650737625331,
      1.4919071997227102,
      0.19661875386969868,
      -0.8771672025558066,
      0.48984710313947966,
      1.7781838588093914,
      1.0482761131420286,
      0.5146798485801404,
      -0.10470336263980821,
      0.5351965550899137,
      0.894444361746908,
      -1.598248738930597,
      -1.5622809966527416
     ],
     "raw": {
      "lexical_density": 0.4501638076891393,
      "abstract_ratio": 0.7282277194171467,
      "formality_index": 0.08698717948717949,
      "complexity_score": 0.8524901416678837,
      "paragraph_cv": 1.3150587519733534,
      "sentiment_score": 0.1456357068261654,
      "repetition_ratio": 0.9826560292002255,
      "metaphor_per_100": 1.0601557598839089,
      "past_ratio": 0.5535571542765787,
      "present_ratio": 0.3581135091926459,
      "future_ratio": 0.08832933653077538,
      "char_ngram_mean": 0.04151495609697707,
      "function_word_ratio_extended": 0.30693188515084885,
      "self_focus_ratio": 0.2509254627313657,
      "sentence_cv": 0.9275063038725817,
      "certainty_index": -0.17849462365591398,
      "ttr": 0.04445303440278315,
      "vocabulary_richness": 0.06179700520255756
     },
     "word_count": 157432,
     "form": "novel",
     "translator": null,
     "coverage": 1.0,
     "imputed_dims": [],
     "text_path": "data/pd_shelf/austen-jane/emma-jane-austen-1815-dc76d413.txt",
     "body_start": 307,
     "body_end": 878906,
     "mfw_z": [
      -1.6099350400730337,
      -0.4503604058065863,
      -0.20753388943706547,
      1.6377505197442441,
      -0.9761815829953905,
      0.32726458248927975,
      -1.1922043460308398,
      0.47316524323397563,
      1.3085097288197078,
      -0.3843399341925344,
      -0.21429546595460675,
      0.8770644094866925,
      -0.819477591914989,
      0.8263699030876427,
      0.8178466158883887,
      -0.5980166069739711,
      0.5564813685427851,
      0.5416197174558786,
      0.921486323218573,
      2.3231653227440123,
      -0.21276949531721567,
      1.6245104399591503,
      2.5820347679301254,
      1.031136224346325,
      0.030130405474952975,
      -0.057241059476793595,
      -1.3882870843090576,
      -0.14460384434674656,
      2.088910712561158,
      -0.213805881021741,
      0.8554998363254122,
      -0.5186656922906144,
      -0.5456641114913292,
      1.9215086739985134,
      -0.5623645088852547,
      -0.5512844276529036,
      -0.430562775290235,
      -0.0828566278136036,
      -0.14419979595055424,
      1.5072389635997325,
      0.14236193605752676,
      -0.7384305344627049,
      1.8127119735697832,
      0.21526047478951027,
      -0.21645215166975487,
      2.096135348103711,
      -0.2665710061906767,
      0.3522074813421958,
      -0.6996328377844452,
      -0.3803371596436808,
      1.9702206154675708,
      0.07955928883388365,
      -1.4435600104974653,
      2.271512197524488,
      3.7980931643364215,
      0.5836087548420206,
      -0.5729061993995888,
      -0.930237673320859,
      -1.543564602343207,
      -0.5791542367622481,
      2.0342313701198242,
      1.3451653862592279,
      -0.6349149468970506,
      0.40335461936757894,
      -1.1485515642618271,
      -1.7004446494489784,
      0.5300250233445502,
      -0.5789216045956563,
      1.7937873719534414,
      -1.4331326754564981,
      -0.44725412556311095,
      -0.34612268071390234,
      0.7373264467070122,
      1.4066851987563382,
      0.5556327073584091,
      3.6796478728281548,
      2.1748047752618764,
      1.0718789663142982,
      -0.42702674728169615,
      1.5734749257456795,
      2.501571384705893,
      -1.9749280943749987,
      1.9301330294370536,
      2.2295986091862017,
      1.420807723355315,
      2.6432047754583534,
      -1.3997405237384912,
      -1.1334144325023883,
      2.097893474094533,
      2.8947219415989527,
      0.1516261270030099,
      1.7294342775645541,
      0.04836139261479196,
      -1.0072650334400004,
      0.7892950108352674,
      1.8881242850923001,
      0.5945302442432384,
      1.8665110799928737,
      0.9816401124524831,
      0.8120382974837144,
      1.9051952600557052,
      0.4787827606140988,
      -0.7372370988547988,
      2.2428514900908456,
      -0.2619401253513805,
      0.312972118174825,
      -0.17692809406487614,
      1.5093480203185385,
      2.127792999471721,
      -0.3598024634043436,
      1.8212615897832887,
      -0.519670445013393,
      0.4745220851703475,
      0.7276183405929307,
      -0.6456281122426496,
      -0.18799660868633994,
      1.1800688656785006,
      -0.3039103168943905,
      0.006846322558982262,
      1.9255543523846308,
      -2.2625998792421456,
      -1.1405242135594913,
      1.5875545127951376,
      0.39560559250750654,
      -1.2802020375766074,
      -0.6650468592683145,
      -1.5490305098113157,
      -0.11858179248309401,
      -0.9304064183345776,
      -0.9247746996623385,
      -0.698395997533663,
      -0.4376162567573919,
      -1.4107830569638082,
      -1.0981936591996797,
      -0.13251816039308242,
      3.056909825354971,
      1.818582866893259,
      1.4132725597206233,
      1.7379913555124298,
      -0.06604681381366057,
      1.0178979081309683,
      -0.35250864095860596,
      -1.6019908912660676,
      1.698773511109247,
      -1.343696135702542,
      -0.6341633688746837,
      -0.32764257231190225,
      -1.3513671509269864,
      -0.31864726230494533,
      -1.206000410303392,
      -0.07528195240019994,
      -0.07225384529755804,
      0.8305740904947431,
      0.1888910020712873,
      -0.5773828927284347,
      2.5405553219988173,
      -1.5177646208348374,
      2.7794199019980144,
      0.5652938240207143,
      -0.2628456843489322,
      -1.1194017118810884,
      1.6840675833952476,
      -0.15396327066328475,
      -0.5537337204864633,
      1.6443102182450586,
      0.40943666307714716,
      -0.059805259667362304,
      0.27722372097679837,
      0.45811506557717674,
      -1.0005671046069462,
      -0.4004905770255418,
      1.611258555260356,
      0.19811111306311427,
      0.6832817812844473,
      0.840063646708615,
      -0.28115923715927904,
      0.023111106567426154,
      -0.4618742137372462,
      -0.39519475889633976,
      -0.7227445277114567,
      2.14156228613608,
      -0.9692470395596615,
      0.28300545892320506,
      4.274003586241796,
      0.1759908404344746,
      0.5573346375375917,
      0.3171193553173596,
      -0.4830821825807597,
      -0.8789299738063695,
      -0.9465933744262692,
      0.31606001161242725,
      -0.056297357504429976,
      -0.20335776991237467,
      -0.8239024680582661,
      -1.1596292255700966,
      -0.3140985589052975,
      -0.5025968091617801,
      -0.6720221867532731,
      1.83330668930825,
      -1.1615400656483648,
      0.04341315986541821,
      -0.4041102060521918,
      2.0488471085078115,
      -1.000814123166405,
      0.9959349576909767,
      1.303688072182429,
      -0.5303951134172565,
      -0.8514231956403482,
      0.7814552502197039,
      -0.4315541408590864,
      1.5451566467723021,
      -0.5219848413914585,
      0.252329876459135,
      1.7353273436518617,
      -0.8401697903710412,
      1.638246183741342,
      -0.4905860338706103,
      1.26208875141936,
      2.959373791031461,
      0.35052892255191154,
      -0.4839885473693969,
      -0.5742745118134329,
      1.8636119624785334,
      -0.8805910369933362,
      -0.09286763831346427,
      -0.9260693533317216,
      -0.5070442878149422,
      0.22060846004619222,
      -1.725716697277209,
      1.4672709703975544,
      1.7433424413760548,
      -0.37132087387977475,
      -0.9918114371269159,
      -1.381539521999107,
      0.1735530245929939,
      0.8133854821182713,
      -1.3572575265816134,
      -0.6925436205361327,
      -1.0437129689081182,
      -0.5574404703115069,
      0.060420620803040205,
      0.04154987132155892,
      -0.5506875878527197,
      -1.967278371906294,
      -0.0006336725708575411,
      1.0668678697002398,
      -0.35391065526969584,
      -1.615420832296613,
      3.1323925748586254,
      -0.8096074968958645,
      -0.8423105800961678,
      -0.14902311056009532,
      -1.3754541538400669,
      0.5955556838920918,
      0.36527701182044786,
      0.22418507476944577,
      -1.1142479899354019,
      2.68682060582658,
      1.7739526300764157,
      -0.9170815045694282,
      -0.668079141857149,
      -0.41119250815408387,
      -0.016880156381599704,
      -0.33260974084084016,
      0.031163024102938554,
      0.6081423095132427,
      -0.4878340265795857,
      1.7032750905164535,
      1.8798662678893376,
      -0.6885571610680338,
      -0.8024185106230382,
      0.6829269217784982,
      0.2801695576265947,
      1.3245041055734188,
      -0.03154889812453449,
      2.3231904118640876,
      1.158778768813987,
      2.2984548050799347,
      -0.30776359239926304,
      -0.8752432093691284,
      1.203067010105543,
      1.7023087447345193,
      1.3626975916809068,
      1.6073933694099802,
      -0.2665684500521454,
      0.34563744068288466,
      1.5441050777741299,
      -0.13346195835319102,
      -0.7652340429423641,
      0.14918594547447406,
      -0.3944080505749151,
      -0.7294167368943172,
      2.214261732899332,
      1.1102955598371627,
      1.6895681410453622,
      2.07752325518836,
      -0.23191724107814596,
      -0.46813513624164943,
      -0.5173391030386754,
      1.5884763241010578
     ]
    },
    {
     "title": "Mansfield Park",
     "path": "data/pd_work_baselines/austen-jane/mansfield-park-jane-austen-1814-ff1cd3ba_baseline.json",
     "vector": [
      -1.5477899463267588,
      1.925187999510875,
      0.043018763589990176,
      1.4456895677692454,
      -0.3737504545164699,
      2.077886968277121,
      1.380692079882177,
      1.140726708996795,
      -0.3497169456584028,
      -0.02385268376841198,
      1.4447573475516315,
      0.0810059442362406,
      1.2867099981554857,
      -0.4979785415357283,
      0.3160995992686567,
      0.3592836825586719,
      -1.4463770675828065,
      -1.4251627224965573
     ],
     "raw": {
      "lexical_density": 0.44393836491311145,
      "abstract_ratio": 0.7122391778262224,
      "formality_index": 0.0912534435261708,
      "complexity_score": 1.0243280815569973,
      "paragraph_cv": 1.071356361765345,
      "sentiment_score": 0.16809637589013227,
      "repetition_ratio": 0.9810396715121532,
      "metaphor_per_100": 1.2006754188656203,
      "past_ratio": 0.5929455848810687,
      "present_ratio": 0.32510589768654286,
      "future_ratio": 0.0819485174323884,
      "char_ngram_mean": 0.041243710924651796,
      "function_word_ratio_extended": 0.31907933679350503,
      "self_focus_ratio": 0.20662047729022326,
      "sentence_cv": 0.8854544871574711,
      "certainty_index": -0.2381852551984877,
      "ttr": 0.04820770999358227,
      "vocabulary_richness": 0.06716803848142909
     },
     "word_count": 159607,
     "form": "novel",
     "translator": null,
     "coverage": 1.0,
     "imputed_dims": [],
     "text_path": "data/pd_shelf/austen-jane/mansfield-park-jane-austen-1814-ff1cd3ba.txt",
     "body_start": 317,
     "body_end": 881935,
     "mfw_z": [
      -1.0580679839796077,
      0.8151266283527738,
      0.2954755658760617,
      2.029642853100998,
      -1.0104895480354292,
      -0.18710238353728312,
      -0.2338927181047478,
      1.0680075840242502,
      0.649128187329961,
      -0.672063775386715,
      -0.5998567778674041,
      1.6063040750801234,
      -0.39420091310222344,
      0.2607967869770317,
      0.7330892562203264,
      -0.054307515038913026,
      0.6134231169303578,
      1.4876733527667325,
      2.0810575145822336,
      1.6456049931663548,
      -0.05919200264789686,
      1.0047120440367934,
      2.4314799523537576,
      0.2279706500985421,
      0.053995141457521406,
      -0.31532821231908315,
      -1.0662882687344122,
      -0.38430104205857724,
      1.6666029959219808,
      -0.569862745502697,
      1.065363061208834,
      -0.7150856264072588,
      0.12248702759323168,
      1.2647259919465899,
      -0.6394186686111046,
      -0.6479775617912203,
      0.1668554762500139,
      0.36370476398456975,
      0.3495049119014057,
      1.0533247242803592,
      0.35565304168102163,
      -1.2217613533717313,
      0.11341001741034262,
      0.5884741112663059,
      0.6261274914908082,
      1.788486981998121,
      -0.002126864886835239,
      -0.4101261571132045,
      -0.12381971349519388,
      -0.45416399137247165,
      1.9642894668746145,
      -0.2748778605735453,
      -1.2871711608000822,
      2.409907788355635,
      1.73144626033073,
      -0.005252064787563059,
      -0.008934139128063347,
      -0.9275489180446,
      -1.3006748616635944,
      -0.15935172133355666,
      1.4082444700690797,
      1.9465489282536212,
      -0.33363351083209636,
      -0.16659354002908586,
      -1.2154120688318877,
      -1.3174103391964507,
      0.8628917612671487,
      -0.3852956930771036,
      1.349730548133326,
      -1.5408540979307996,
      -1.0279564561070127,
      -1.0649274561872544,
      0.2520405960508599,
      1.5199358113035375,
      1.3180917783152752,
      1.3443925751463845,
      0.7686621046561839,
      0.2107543761430384,
      -0.5405202431968461,
      0.5677087332635588,
      1.3412952730749201,
      -1.4542113327885626,
      0.8175490218643392,
      2.047312603644451,
      1.9037921378371148,
      2.3775321576894526,
      -1.3537970965608965,
      -1.356268744498487,
      1.6381167200375943,
      2.3516277745799172,
      0.10681666136375646,
      1.6028267417845237,
      0.04090334629286377,
      -0.248000141208239,
      1.0541171075098381,
      1.4203451942685912,
      0.12262450255598806,
      1.0824253613805228,
      0.5250672444292543,
      1.0654410281400315,
      0.34201056276263103,
      0.8556550232952711,
      -0.4463032835466716,
      1.8757817693681225,
      -1.296096943049745,
      0.25616058774696754,
      0.5806676673552565,
      2.095304390832592,
      2.208269731005623,
      -0.4568155580630171,
      1.8065925395754732,
      -0.6869238873271337,
      0.1634198290455786,
      0.22242429088839194,
      -0.3400192797267645,
      -0.6100566884535058,
      2.0433300595660473,
      -0.1361420689160229,
      -0.21650487068134236,
      0.7350352505257487,
      -1.9380361833641837,
      -1.1259155312935143,
      2.3513933972398355,
      1.071716611207706,
      -1.0635447601829837,
      -0.9608695688262506,
      -1.295144739947245,
      0.3702986532852773,
      -0.5304094470312138,
      -0.9094651872688377,
      0.4040701318835527,
      0.4039352047195469,
      -1.1485885011304378,
      -1.3784126174840188,
      -0.7337533280217275,
      0.7548978241941218,
      1.603734103816808,
      0.9944735673411631,
      1.214595716259866,
      0.5778483043707432,
      0.282797386090943,
      2.5282564689224,
      -1.426599157817739,
      2.882364690685897,
      -1.3419646647169132,
      -0.7625474183916199,
      0.32133696195880146,
      -1.2256121505277533,
      -0.2980766424715057,
      -0.883615022200855,
      0.3913112517815503,
      0.7205440925623551,
      1.626081376176601,
      -0.49713612742716273,
      -0.8639697057496332,
      0.31330478685973523,
      -1.6378231546009332,
      1.47011432741004,
      -0.05222328824416946,
      0.4978396030572132,
      -1.6075846343451166,
      0.7733692886305662,
      -0.5408472844232897,
      -0.35773246738087294,
      1.2128245017790553,
      0.9320454695010532,
      -0.7236446439247027,
      -0.02859879069951491,
      0.6744011067920155,
      -1.202048206305482,
      -0.5616008569469321,
      1.8496677135786932,
      -0.024719401736451145,
      0.7151659654757819,
      -0.37281639192589705,
      0.8898337676973703,
      0.22307833300494176,
      -1.0882882484696748,
      -0.050378335047077887,
      -0.7464803751576194,
      1.5182636214966998,
      -0.9682210289754796,
      -0.26167521661073223,
      -0.6006152008819249,
      1.1472273319456032,
      1.1259703901755784,
      0.718536726375662,
      -0.14377091936210826,
      -0.8070750043247858,
      -0.9786060392335935,
      0.4714167111729618,
      0.27892053524371513,
      -0.08014993169325614,
      -0.41435656997864373,
      -0.729889954967609,
      -0.6335742526499205,
      0.38333877556049484,
      -0.636773909916534,
      1.8136035732785796,
      -1.028272258529547,
      0.7814438796693628,
      -0.6529628178020882,
      1.2702512864972806,
      -1.0325018036941083,
      -0.3078945283616267,
      -0.023226792356757644,
      -0.22142045667431876,
      -0.914727366837081,
      -0.10053960869092388,
      0.1648158068815318,
      1.9221662686881733,
      -0.5039052374832975,
      0.42697630796789954,
      2.0039299843150813,
      -0.6905170915221474,
      2.0809458777222605,
      0.196277268079163,
      -0.6390598226611486,
      0.8392252351070423,
      -0.3287331332292511,
      -0.4425739633822202,
      0.38650039748154874,
      0.469937379915309,
      -0.85997230973692,
      -0.5520172796538684,
      -0.5768807855566759,
      0.04368843047492749,
      1.2224714351418826,
      -0.40276637619289807,
      1.9573663726091752,
      0.6148218688742846,
      -0.36764676309154476,
      -0.9019849787425113,
      -1.2997934740138717,
      0.37485292692258143,
      0.8222261207534213,
      -1.0331335221587952,
      -0.6587475446564515,
      0.05917701053490342,
      -0.5168253391990956,
      -0.19285487844201613,
      -0.4831152798113865,
      -1.4418294867379882,
      2.440628796696362,
      2.501371111386611,
      0.6064215834139576,
      0.3049002428822755,
      -1.209299247028984,
      1.4349306317557229,
      -0.6168041998422328,
      -0.7613214947395389,
      -0.37485108226699104,
      -1.3745083307601578,
      1.3381856190542631,
      1.049073819053515,
      0.563711034609482,
      -1.0425874168503908,
      0.9770736312754438,
      0.3943406672786712,
      -1.1069759051045955,
      -0.43639173936765097,
      -0.23375498536453673,
      -0.19316493242625768,
      -0.42335797484547893,
      -0.7723859667048272,
      1.4018888004081789,
      -0.48293511576094894,
      1.168523654002098,
      -0.2738578810356541,
      -0.7334815539813667,
      -0.8769889517936825,
      0.17833056209496714,
      -0.12165582538105729,
      0.36264947335161524,
      -0.023096788423409897,
      0.5967273848162713,
      0.4926299778188852,
      2.2306623676114206,
      -0.388979548769792,
      -0.20999233092062972,
      0.9416141498926042,
      0.7484725568637185,
      2.6172303463105497,
      2.4989707595468733,
      -0.30501231714717325,
      0.45825782562626055,
      1.8444974397704266,
      1.0351805006381072,
      -1.0213134754509698,
      1.1800341835412087,
      0.5094858269475729,
      -0.7849902869038676,
      1.9560155793008018,
      1.1195846846109796,
      0.7100007903836566,
      1.8981234027474996,
      -0.5398160281315306,
      -0.5203892037913957,
      -0.5301828678925129,
      -0.12270823692565906
     ]
    },
    {
     "title": "Persuasion",
     "path": "data/pd_work_baselines/austen-jane/persuasion-jane-austen-1817-1f041970_baseline.json",
     "vector": [
      -1.0844294652260427,
      1.9295272216317356,
      0.4356314939249862,
      1.1089048190741337,
      -0.8277007855661117,
      2.5113085450113,
      0.6227424314443387,
      0.36305728608664195,
      0.5806598950076367,
      -0.832576717255218,
      0.5295980319192384,
      0.009896172457209846,
      1.0806639614743911,
      -0.6042666821793378,
      0.26312220714608864,
      0.5182137075787153,
      -0.619581158368162,
      -0.6221063940142654
     ],
     "raw": {
      "lexical_density": 0.4549641148325359,
      "abstract_ratio": 0.7128297362110312,
      "formality_index": 0.09667593376042548,
      "complexity_score": 0.9533678756476683,
      "paragraph_cv": 0.8737686578714804,
      "sentiment_score": 0.1871575101488498,
      "repetition_ratio": 0.9700239234449761,
      "metaphor_per_100": 1.0849282296650717,
      "past_ratio": 0.6624233851956625,
      "present_ratio": 0.27314159987427317,
      "future_ratio": 0.06443501493006444,
      "char_ngram_mean": 0.04122377008193767,
      "function_word_ratio_extended": 0.3158373205741627,
      "self_focus_ratio": 0.19464643271156076,
      "sentence_cv": 0.8752864062033923,
      "certainty_index": -0.2204585537918871,
      "ttr": 0.06864832535885168,
      "vocabulary_richness": 0.09862440191387561
     },
     "word_count": 83278,
     "form": "novel",
     "translator": null,
     "coverage": 1.0,
     "imputed_dims": [],
     "text_path": "data/pd_shelf/austen-jane/persuasion-jane-austen-1817-1f041970.txt",
     "body_start": 312,
     "body_end": 464525,
     "mfw_z": [
      -0.9611268168334265,
      0.6692752906570621,
      0.45301326144201065,
      1.8974005402670429,
      -1.0847781041440305,
      -0.342313809075536,
      0.19077683291427328,
      0.8608736265006938,
      -0.09275083377411195,
      -0.33954032652501764,
      -0.5900512403122801,
      0.6813808779566549,
      -0.5768754495945744,
      -0.4199287797660271,
      0.6541267366608313,
      -0.4184240210476826,
      2.1534001693330382,
      0.9685173533836281,
      0.9997088534753751,
      1.5587021045478089,
      -0.26496179858224056,
      0.9537191970997434,
      2.211255780226873,
      -0.390778824314401,
      0.02261099287572835,
      -0.5836661399113581,
      -0.949921358601861,
      0.43294277729155817,
      1.3874941524379498,
      -0.7189989348634854,
      2.0457096576314555,
      -0.9146546684645624,
      0.6893275396021707,
      0.22694938759052394,
      0.5947349066312007,
      -0.811679642230154,
      -0.27291853414943884,
      1.4034985289334747,
      0.8395189473716147,
      1.056473034295194,
      -1.4137276675075516,
      -0.7376983967902866,
      0.13485884517441438,
      0.19113062658873595,
      0.0942594141475812,
      1.153104748977414,
      -0.1873975770326996,
      -0.4816713696643322,
      -0.0060081385012515365,
      -0.6495275576267119,
      3.1659892732626695,
      0.8041540251822259,
      -1.6645545891688982,
      2.4350215461112117,
      2.072071192885917,
      -0.6506689226861181,
      0.9257223903897268,
      -0.9492501648144841,
      -1.661411271014107,
      -0.6923723940260764,
      0.3668318754849192,
      1.9367228304029969,
      0.10308986866591545,
      0.14560553364266085,
      -1.5424443291386383,
      -1.4389019178304283,
      -0.3577834630994049,
      -0.6185753146427458,
      0.1665722182088808,
      -1.8027002423682301,
      -1.1640265280585556,
      -0.18470233928306223,
      0.3391361094774395,
      1.8889496567908806,
      0.8157418695870604,
      1.2814352364461519,
      1.4961617506333,
      0.09547647224917177,
      -0.5450729695003688,
      0.7311694201058004,
      1.1760535221759816,
      -1.4047934914619813,
      0.12162533664000451,
      1.5350347374421671,
      2.5646452768000754,
      1.735959965146368,
      -1.0915488557791135,
      -1.0880368209178641,
      2.1117691607239166,
      1.7845244290489208,
      0.42573213977214186,
      1.6333480028885323,
      1.0380243930213706,
      -0.5926311990809228,
      0.27300692907960444,
      0.651681589822952,
      -0.06731007580511617,
      0.1680073114815367,
      0.052272988415714455,
      0.6807852983596306,
      -0.14430355504048464,
      1.1880591761548995,
      -0.5883657063182703,
      1.1298118173013565,
      -0.7105906406675698,
      -0.013622757928154315,
      0.6380761457467489,
      1.6494560990368143,
      2.8826970604465387,
      -0.9619109292829586,
      1.7370691895414014,
      -0.33615368383033123,
      -0.08245665707709511,
      -0.478713214331201,
      -0.11204514064772793,
      -0.737425545221149,
      1.342053148628714,
      0.4309988169943563,
      -0.12949675548394313,
      1.6568655920605058,
      -1.909422708799528,
      -0.7184973742011612,
      1.772041775093728,
      1.160842960108813,
      -0.3433903976159781,
      -0.45480762453477197,
      -1.7053255559299647,
      0.6496653476069144,
      -0.16547178555150127,
      -0.9724285780650365,
      0.43647497660334605,
      0.10369072192313344,
      -1.2302906012881751,
      -0.8959880853419783,
      0.5072536503056417,
      0.5414752762209735,
      1.6057716600982168,
      0.5666865738124854,
      0.45814781097090285,
      0.31651738387499817,
      0.4249839372969708,
      1.7059135771882699,
      -1.5171690607243984,
      1.5710644367746671,
      -1.2620483316733195,
      -0.7827035178142632,
      1.1334497228383278,
      -0.8684095545464597,
      -0.2767485468748747,
      -1.0353191142096103,
      -0.47644330257808487,
      0.0675992036780345,
      1.333773473349472,
      0.0956959970095265,
      0.2461630650254119,
      1.9648434291260466,
      -1.3386022380154137,
      1.6985586213037795,
      -0.08818551071355082,
      -0.043914200707357846,
      -0.2950400980071507,
      0.13992850933158318,
      -0.3955023996462891,
      0.6207010348311727,
      -0.010876196639651451,
      0.301987835991995,
      0.3784660983325826,
      -0.3195898921095859,
      -0.3188184478197823,
      -1.2585925751622562,
      -0.6038972227683675,
      1.882037853516043,
      0.2954002878659907,
      1.2777469599350866,
      -0.06821000506359622,
      3.2656594007699407,
      1.920473260139207,
      -1.5537905170309614,
      -0.3007429709671789,
      -1.156149974120286,
      1.9816073890522963,
      -0.6384173415700584,
      -0.43629230771940447,
      -0.3582030051612371,
      0.9777731020832707,
      0.4542542199124078,
      0.7012044548208575,
      -0.1361839501933197,
      -0.9263359978262353,
      -1.117184176754558,
      -0.4499602454535045,
      2.1565517424014318,
      -0.4196054765573647,
      -0.23981775735946625,
      -0.2247899575634915,
      0.4201183035225093,
      -0.25126360700821376,
      -0.801980238572766,
      1.9853045744507762,
      -1.4319433150928473,
      2.390817974098783,
      -0.6718185660605,
      1.8460514939979937,
      -0.8002745143980768,
      1.1822674171784895,
      0.5213079065738083,
      -0.4867218505571079,
      -0.9167009019248075,
      0.7216033450842854,
      -0.2655126811171798,
      2.3900331869281017,
      -0.7663547434282236,
      0.6067550199327312,
      1.747773687176979,
      -0.7676320019874548,
      2.360318614589629,
      1.1437125291422012,
      1.3759211548160348,
      1.007413258716184,
      -0.013355149820911186,
      0.22779795007292059,
      1.370121281872616,
      0.8068184186520422,
      -0.881362068234703,
      -0.8826471025396336,
      -1.1661731551718626,
      -0.8858817162755935,
      0.9509567339525663,
      -1.455258638152254,
      1.6963681959058172,
